 1.8473e+03  2.7051e-02
 1.8371e+03  2.7549e-02
 1.8270e+03  2.8058e-02
 1.8169e+03  2.8576e-02
 1.8069e+03  2.9104e-02
 1.7969e+03  2.9642e-02
 1.7870e+03  3.0190e-02
 1.7772e+03  3.0750e-02
 1.7674e+03  3.1318e-02
 1.7576e+03  3.1892e-02
 1.7480e+03  3.2482e-02
 1.7383e+03  3.3086e-02
 1.7287e+03  3.3697e-02
 1.7192e+03  3.4315e-02
 1.7097e+03  3.4941e-02
 1.7003e+03  3.5582e-02
 1.6910e+03  3.6239e-02
 1.6816e+03  3.6903e-02
 1.6724e+03  3.7580e-02
 1.6632e+03  3.8277e-02
 1.6540e+03  3.8984e-02
 1.6449e+03  3.9700e-02
 1.6358e+03  4.0424e-02
 1.6268e+03  4.1161e-02
 1.6178e+03  4.1919e-02
 1.6089e+03  4.2687e-02
 1.6000e+03  4.3466e-02
 1.5912e+03  4.4262e-02
 1.5825e+03  4.5071e-02
 1.5737e+03  4.5888e-02
 1.5651e+03  4.6725e-02
 1.5564e+03  4.7584e-02
 1.5479e+03  4.8454e-02
 1.5393e+03  4.9335e-02
 1.5308e+03  5.0225e-02
 1.5224e+03  5.1138e-02
 1.5140e+03  5.2075e-02
 1.5057e+03  5.3022e-02
 1.4974e+03  5.3984e-02
 1.4891e+03  5.4967e-02
 1.4809e+03  5.5962e-02
 1.4728e+03  5.6969e-02
 1.4646e+03  5.7998e-02
 1.4566e+03  5.9048e-02
 1.4485e+03  6.0122e-02
 1.4406e+03  6.1216e-02
 1.4326e+03  6.2329e-02
 1.4247e+03  6.3458e-02
 1.4169e+03  6.4605e-02
 1.4091e+03  6.5768e-02
 1.4013e+03  6.6951e-02
 1.3936e+03  6.8153e-02
 1.3859e+03  6.9382e-02
 1.3783e+03  7.0637e-02
 1.3707e+03  7.1918e-02
 1.3631e+03  7.3218e-02
 1.3556e+03  7.4535e-02
 1.3481e+03  7.5882e-02
 1.3407e+03  7.7257e-02
 1.3333e+03  7.8667e-02
 1.3260e+03  8.0092e-02
 1.3187e+03  8.1533e-02
 1.3114e+03  8.3012e-02
 1.3042e+03  8.4515e-02
 1.2970e+03  8.6026e-02
 1.2898e+03  8.7575e-02
 1.2827e+03  8.9165e-02
 1.2757e+03  9.0782e-02
 1.2686e+03  9.2425e-02
 1.2616e+03  9.4091e-02
 1.2547e+03  9.5784e-02
 1.2478e+03  9.7506e-02
 1.2409e+03  9.9256e-02
 1.2340e+03  1.0104e-01
 1.2272e+03  1.0287e-01
 1.2205e+03  1.0472e-01
 1.2138e+03  1.0660e-01
 1.2071e+03  1.0851e-01
 1.2004e+03  1.1047e-01
 1.1938e+03  1.1248e-01
 1.1872e+03  1.1452e-01
 1.1807e+03  1.1659e-01
 1.1742e+03  1.1871e-01
 1.1677e+03  1.2086e-01
 1.1613e+03  1.2304e-01
 1.1549e+03  1.2525e-01
 1.1485e+03  1.2749e-01
 1.1422e+03  1.2982e-01
 1.1359e+03  1.3219e-01
 1.1296e+03  1.3454e-01
 1.1234e+03  1.3697e-01
 1.1172e+03  1.3948e-01
 1.1110e+03  1.4198e-01
 1.1049e+03  1.4452e-01
 1.0988e+03  1.4716e-01
 1.0928e+03  1.4982e-01
 1.0868e+03  1.5249e-01
 1.0808e+03  1.5527e-01
 1.0748e+03  1.5811e-01
 1.0689e+03  1.6092e-01
 1.0630e+03  1.6383e-01
 1.0571e+03  1.6683e-01
 1.0513e+03  1.6981e-01
 1.0455e+03  1.7285e-01
 1.0398e+03  1.7603e-01
 1.0340e+03  1.7922e-01
 1.0283e+03  1.8242e-01
 1.0227e+03  1.8569e-01
 1.0170e+03  1.8903e-01
 1.0114e+03  1.9247e-01
 1.0058e+03  1.9597e-01
 1.0003e+03  1.9951e-01
 9.9479e+02  2.0314e-01
 9.8931e+02  2.0684e-01
 9.8386e+02  2.1058e-01
 9.7844e+02  2.1436e-01
 9.7304e+02  2.1820e-01
 9.6768e+02  2.2214e-01
 9.6235e+02  2.2615e-01
 9.5704e+02  2.3020e-01
 9.5177e+02  2.3435e-01
 9.4653e+02  2.3860e-01
 9.4131e+02  2.4290e-01
 9.3612e+02  2.4728e-01
 9.3096e+02  2.5177e-01
 9.2583e+02  2.5632e-01
 9.2073e+02  2.6092e-01
 9.1566e+02  2.6559e-01
 9.1061e+02  2.7035e-01
 9.0559e+02  2.7522e-01
 9.0060e+02  2.8022e-01
 8.9564e+02  2.8535e-01
 8.9070e+02  2.9044e-01
 8.8579e+02  2.9561e-01
 8.8091e+02  3.0090e-01
 8.7606e+02  3.0633e-01
 8.7123e+02  3.1191e-01
 8.6643e+02  3.1754e-01
 8.6165e+02  3.2324e-01
 8.5690e+02  3.2902e-01
 8.5218e+02  3.3493e-01
 8.4749e+02  3.4098e-01
 8.4281e+02  3.4710e-01
 8.3817e+02  3.5330e-01
 8.3355e+02  3.5958e-01
 8.2896e+02  3.6600e-01
 8.2439e+02  3.7260e-01
 8.1985e+02  3.7937e-01
 8.1533e+02  3.8625e-01
 8.1083e+02  3.9307e-01
 8.0637e+02  4.0006e-01
 8.0192e+02  4.0721e-01
 7.9750e+02  4.1445e-01
 7.9311e+02  4.2183e-01
 7.8874e+02  4.2943e-01
 7.8439e+02  4.3713e-01
 7.8007e+02  4.4492e-01
 7.7577e+02  4.5296e-01
 7.7149e+02  4.6111e-01
 7.6724e+02  4.6917e-01
 7.6301e+02  4.7755e-01
 7.5881e+02  4.8626e-01
 7.5463e+02  4.9490e-01
 7.5047e+02  5.0365e-01
 7.4633e+02  5.1267e-01
 7.4222e+02  5.2180e-01
 7.3813e+02  5.3105e-01
 7.3406e+02  5.4061e-01
 7.3002e+02  5.5030e-01
 7.2599e+02  5.5987e-01
 7.2199e+02  5.6982e-01
 7.1801e+02  5.8017e-01
 7.1406e+02  5.9046e-01
 7.1012e+02  6.0089e-01
 7.0621e+02  6.1157e-01
 7.0232e+02  6.2240e-01
 6.9844e+02  6.3339e-01
 6.9460e+02  6.4478e-01
 6.9077e+02  6.5630e-01
 6.8696e+02  6.6765e-01
 6.8318e+02  6.7930e-01
 6.7941e+02  6.9130e-01
 6.7567e+02  7.0370e-01
 6.7194e+02  7.1626e-01
 6.6824e+02  7.2864e-01
 6.6456e+02  7.4152e-01
 6.6089e+02  7.5495e-01
 6.5725e+02  7.6825e-01
 6.5363e+02  7.8162e-01
 6.5003e+02  7.9507e-01
 6.4645e+02  8.0891e-01
 6.4288e+02  8.2321e-01
 6.3934e+02  8.3796e-01
 6.3582e+02  8.5291e-01
 6.3231e+02  8.6769e-01
 6.2883e+02  8.8283e-01
 6.2536e+02  8.9835e-01
 6.2192e+02  9.1407e-01
 6.1849e+02  9.2998e-01
 6.1508e+02  9.4599e-01
 6.1169e+02  9.6249e-01
 6.0832e+02  9.7951e-01
 6.0497e+02  9.9663e-01
 6.0163e+02  1.0140e+00
 5.9832e+02  1.0315e+00
 5.9502e+02  1.0495e+00
 5.9174e+02  1.0680e+00
 5.8848e+02  1.0862e+00
 5.8524e+02  1.1046e+00
 5.8201e+02  1.1238e+00
 5.7880e+02  1.1434e+00
 5.7562e+02  1.1636e+00
 5.7244e+02  1.1834e+00
 5.6929e+02  1.2036e+00
 5.6615e+02  1.2244e+00
 5.6303e+02  1.2455e+00
 5.5993e+02  1.2668e+00
 5.5684e+02  1.2884e+00
 5.5377e+02  1.3104e+00
 5.5072e+02  1.3331e+00
 5.4769e+02  1.3561e+00
 5.4467e+02  1.3795e+00
 5.4167e+02  1.4029e+00
 5.3868e+02  1.4267e+00
 5.3571e+02  1.4507e+00
 5.3276e+02  1.4754e+00
 5.2982e+02  1.5008e+00
 5.2690e+02  1.5257e+00
 5.2400e+02  1.5508e+00
 5.2111e+02  1.5769e+00
 5.1824e+02  1.6040e+00
 5.1539e+02  1.6318e+00
 5.1255e+02  1.6590e+00
 5.0972e+02  1.6865e+00
 5.0691e+02  1.7151e+00
 5.0412e+02  1.7441e+00
 5.0134e+02  1.7734e+00
 4.9858e+02  1.8030e+00
 4.9583e+02  1.8332e+00
 4.9310e+02  1.8646e+00
 4.9038e+02  1.8958e+00
 4.8768e+02  1.9267e+00
 4.8499e+02  1.9587e+00
 4.8232e+02  1.9915e+00
 4.7966e+02  2.0245e+00
 4.7702e+02  2.0585e+00
 4.7439e+02  2.0934e+00
 4.7177e+02  2.1273e+00
 4.6917e+02  2.1614e+00
 4.6659e+02  2.1969e+00
 4.6402e+02  2.2323e+00
 4.6146e+02  2.2677e+00
 4.5891e+02  2.3028e+00
 4.5639e+02  2.3380e+00
 4.5387e+02  2.3731e+00
 4.5137e+02  2.4091e+00
 4.4888e+02  2.4460e+00
 4.4641e+02  2.4830e+00
 4.4395e+02  2.5202e+00
 4.4150e+02  2.5569e+00
 4.3907e+02  2.5938e+00
 4.3665e+02  2.6310e+00
 4.3424e+02  2.6683e+00
 4.3185e+02  2.7062e+00
 4.2947e+02  2.7456e+00
 4.2710e+02  2.7855e+00
 4.2475e+02  2.8256e+00
 4.2241e+02  2.8658e+00
 4.2008e+02  2.9064e+00
 4.1777e+02  2.9471e+00
 4.1546e+02  2.9880e+00
 4.1317e+02  3.0291e+00
 4.1090e+02  3.0721e+00
 4.0863e+02  3.1160e+00
 4.0638e+02  3.1599e+00
 4.0414e+02  3.2041e+00
 4.0191e+02  3.2486e+00
 3.9970e+02  3.2931e+00
 3.9750e+02  3.3380e+00
 3.9530e+02  3.3830e+00
 3.9313e+02  3.4293e+00
 3.9096e+02  3.4769e+00
 3.8881e+02  3.5230e+00
 3.8666e+02  3.5694e+00
 3.8453e+02  3.6178e+00
 3.8241e+02  3.6664e+00
 3.8031e+02  3.7151e+00
 3.7821e+02  3.7641e+00
 3.7612e+02  3.8139e+00
 3.7405e+02  3.8659e+00
 3.7199e+02  3.9170e+00
 3.6994e+02  3.9671e+00
 3.6790e+02  4.0191e+00
 3.6587e+02  4.0721e+00
 3.6386e+02  4.1253e+00
 3.6185e+02  4.1787e+00
 3.5986e+02  4.2324e+00
 3.5788e+02  4.2860e+00
 3.5590e+02  4.3399e+00
 3.5394e+02  4.3940e+00
 3.5199e+02  4.4499e+00
 3.5005e+02  4.5077e+00
 3.4812e+02  4.5659e+00
 3.4620e+02  4.6242e+00
 3.4430e+02  4.6821e+00
 3.4240e+02  4.7407e+00
 3.4051e+02  4.8000e+00
 3.3864e+02  4.8585e+00
 3.3677e+02  4.9174e+00
 3.3491e+02  4.9771e+00
 3.3307e+02  5.0365e+00
 3.3123e+02  5.0959e+00
 3.2941e+02  5.1586e+00
 3.2759e+02  5.2229e+00
 3.2579e+02  5.2872e+00
 3.2399e+02  5.3515e+00
 3.2220e+02  5.4157e+00
 3.2043e+02  5.4803e+00
 3.1866e+02  5.5455e+00
 3.1691e+02  5.6109e+00
 3.1516e+02  5.6763e+00
 3.1342e+02  5.7419e+00
 3.1170e+02  5.8112e+00
 3.0998e+02  5.8821e+00
 3.0827e+02  5.9534e+00
 3.0657e+02  6.0223e+00
 3.0488e+02  6.0896e+00
 3.0320e+02  6.1609e+00
 3.0153e+02  6.2337e+00
 2.9987e+02  6.3058e+00
 2.9822e+02  6.3811e+00
 2.9657e+02  6.4598e+00
 2.9494e+02  6.5351e+00
 2.9331e+02  6.6100e+00
 2.9170e+02  6.6854e+00
 2.9009e+02  6.7635e+00
 2.8849e+02  6.8449e+00
 2.8690e+02  6.9273e+00
 2.8532e+02  7.0105e+00
 2.8375e+02  7.0939e+00
 2.8218e+02  7.1781e+00
 2.8063e+02  7.2633e+00
 2.7908e+02  7.3489e+00
 2.7754e+02  7.4349e+00
 2.7601e+02  7.5210e+00
 2.7449e+02  7.6076e+00
 2.7298e+02  7.6948e+00
 2.7148e+02  7.7864e+00
 2.6998e+02  7.8781e+00
 2.6849e+02  7.9643e+00
 2.6701e+02  8.0517e+00
 2.6554e+02  8.1409e+00
 2.6408e+02  8.2269e+00
 2.6262e+02  8.3108e+00
 2.6118e+02  8.3901e+00
 2.5974e+02  8.4663e+00
 2.5830e+02  8.5392e+00
 2.5688e+02  8.6056e+00
 2.5547e+02  8.6697e+00
 2.5406e+02  8.7321e+00
 2.5266e+02  8.7878e+00
 2.5127e+02  8.8378e+00
 2.4988e+02  8.8870e+00
 2.4850e+02  8.9345e+00
 2.4713e+02  8.9777e+00
 2.4577e+02  9.0214e+00
 2.4442e+02  9.0661e+00
 2.4307e+02  9.1111e+00
 2.4173e+02  9.1558e+00
 2.4040e+02  9.1994e+00
 2.3907e+02  9.2429e+00
 2.3776e+02  9.2865e+00
 2.3645e+02  9.3346e+00
 2.3514e+02  9.3833e+00
 2.3385e+02  9.4286e+00
 2.3256e+02  9.4738e+00
 2.3128e+02  9.5190e+00
 2.3000e+02  9.5693e+00
 2.2873e+02  9.6211e+00
 2.2747e+02  9.6717e+00
 2.2622e+02  9.7204e+00
 2.2497e+02  9.7679e+00
 2.2373e+02  9.8182e+00
 2.2250e+02  9.8698e+00
 2.2127e+02  9.9217e+00
 2.2006e+02  9.9731e+00
 2.1884e+02  1.0024e+01
 2.1764e+02  1.0075e+01
 2.1644e+02  1.0127e+01
 2.1524e+02  1.0181e+01
 2.1406e+02  1.0233e+01
 2.1288e+02  1.0283e+01
 2.1171e+02  1.0336e+01
 2.1054e+02  1.0389e+01
 2.0938e+02  1.0436e+01
 2.0822e+02  1.0486e+01
 2.0708e+02  1.0540e+01
 2.0594e+02  1.0593e+01
 2.0480e+02  1.0644e+01
 2.0367e+02  1.0690e+01
 2.0255e+02  1.0737e+01
 2.0143e+02  1.0788e+01
 2.0032e+02  1.0836e+01
 1.9922e+02  1.0886e+01
 1.9812e+02  1.0939e+01
 1.9703e+02  1.0989e+01
 1.9594e+02  1.1037e+01
 1.9486e+02  1.1082e+01
 1.9379e+02  1.1127e+01
 1.9272e+02  1.1176e+01
 1.9166e+02  1.1221e+01
 1.9060e+02  1.1263e+01
 1.8955e+02  1.1308e+01
 1.8851e+02  1.1352e+01
 1.8747e+02  1.1390e+01
 1.8644e+02  1.1430e+01
 1.8541e+02  1.1472e+01
 1.8439e+02  1.1511e+01
 1.8337e+02  1.1549e+01
 1.8236e+02  1.1586e+01
 1.8136e+02  1.1622e+01
 1.8036e+02  1.1657e+01
 1.7936e+02  1.1692e+01
 1.7837e+02  1.1727e+01
 1.7739e+02  1.1759e+01
 1.7641e+02  1.1790e+01
 1.7544e+02  1.1821e+01
 1.7447e+02  1.1850e+01
 1.7351e+02  1.1879e+01
 1.7256e+02  1.1906e+01
 1.7161e+02  1.1932e+01
 1.7066e+02  1.1956e+01
 1.6972e+02  1.1980e+01
 1.6878e+02  1.2003e+01
 1.6785e+02  1.2023e+01
 1.6693e+02  1.2043e+01
 1.6601e+02  1.2063e+01
 1.6509e+02  1.2080e+01
 1.6418e+02  1.2097e+01
 1.6328e+02  1.2113e+01
 1.6238e+02  1.2127e+01
 1.6148e+02  1.2141e+01
 1.6060e+02  1.2153e+01
 1.5971e+02  1.2164e+01
 1.5883e+02  1.2175e+01
 1.5795e+02  1.2183e+01
 1.5708e+02  1.2189e+01
 1.5622e+02  1.2195e+01
 1.5536e+02  1.2200e+01
 1.5450e+02  1.2203e+01
 1.5365e+02  1.2205e+01
 1.5280e+02  1.2206e+01
 1.5196e+02  1.2206e+01
 1.5112e+02  1.2204e+01
 1.5029e+02  1.2201e+01
 1.4946e+02  1.2197e+01
 1.4864e+02  1.2192e+01
 1.4782e+02  1.2185e+01
 1.4701e+02  1.2177e+01
 1.4619e+02  1.2168e+01
 1.4539e+02  1.2157e+01
 1.4459e+02  1.2143e+01
 1.4379e+02  1.2130e+01
 1.4300e+02  1.2116e+01
 1.4221e+02  1.2099e+01
 1.4143e+02  1.2082e+01
 1.4065e+02  1.2064e+01
 1.3987e+02  1.2043e+01
 1.3910e+02  1.2021e+01
 1.3834e+02  1.1999e+01
 1.3757e+02  1.1974e+01
 1.3681e+02  1.1947e+01
 1.3606e+02  1.1920e+01
 1.3531e+02  1.1892e+01
 1.3457e+02  1.1860e+01
 1.3382e+02  1.1828e+01
 1.3309e+02  1.1796e+01
 1.3235e+02  1.1763e+01
 1.3162e+02  1.1728e+01
 1.3090e+02  1.1692e+01
 1.3018e+02  1.1656e+01
 1.2946e+02  1.1619e+01
 1.2875e+02  1.1581e+01
 1.2804e+02  1.1541e+01
 1.2733e+02  1.1498e+01
 1.2663e+02  1.1455e+01
 1.2593e+02  1.1411e+01
 1.2524e+02  1.1364e+01
 1.2455e+02  1.1317e+01
 1.2386e+02  1.1270e+01
 1.2318e+02  1.1222e+01
 1.2250e+02  1.1173e+01
 1.2182e+02  1.1122e+01
 1.2115e+02  1.1071e+01
 1.2048e+02  1.1019e+01
 1.1982e+02  1.0965e+01
 1.1916e+02  1.0911e+01
 1.1850e+02  1.0855e+01
 1.1785e+02  1.0798e+01
 1.1720e+02  1.0740e+01
 1.1656e+02  1.0682e+01
 1.1591e+02  1.0623e+01
 1.1527e+02  1.0564e+01
 1.1464e+02  1.0504e+01
 1.1401e+02  1.0443e+01
 1.1338e+02  1.0381e+01
 1.1275e+02  1.0319e+01
 1.1213e+02  1.0255e+01
 1.1151e+02  1.0191e+01
 1.1090e+02  1.0126e+01
 1.1029e+02  1.0060e+01
 1.0968e+02  9.9939e+00
 1.0908e+02  9.9269e+00
 1.0848e+02  9.8595e+00
 1.0788e+02  9.7910e+00
 1.0728e+02  9.7223e+00
 1.0669e+02  9.6533e+00
 1.0610e+02  9.5826e+00
 1.0552e+02  9.5116e+00
 1.0494e+02  9.4429e+00
 1.0436e+02  9.3701e+00
 1.0378e+02  9.2989e+00
 1.0321e+02  9.2276e+00
 1.0264e+02  9.1562e+00
 1.0208e+02  9.0837e+00
 1.0152e+02  9.0109e+00
 1.0096e+02  8.9377e+00
 1.0040e+02  8.8644e+00
 9.9846e+01  8.7911e+00
 9.9296e+01  8.7165e+00
 9.8749e+01  8.6425e+00
 9.8205e+01  8.5700e+00
 9.7663e+01  8.4951e+00
 9.7125e+01  8.4208e+00
 9.6590e+01  8.3454e+00
 9.6058e+01  8.2710e+00
 9.5528e+01  8.1975e+00
 9.5002e+01  8.1219e+00
 9.4478e+01  8.0462e+00
 9.3958e+01  7.9713e+00
 9.3440e+01  7.8957e+00
 9.2925e+01  7.8196e+00
 9.2413e+01  7.7446e+00
 9.1904e+01  7.6702e+00
 9.1397e+01  7.5953e+00
 9.0893e+01  7.5199e+00
 9.0392e+01  7.4460e+00
 8.9894e+01  7.3714e+00
 8.9399e+01  7.2935e+00
 8.8906e+01  7.2193e+00
 8.8416e+01  7.1450e+00
 8.7929e+01  7.0704e+00
 8.7444e+01  6.9947e+00
 8.6963e+01  6.9195e+00
 8.6483e+01  6.8455e+00
 8.6007e+01  6.7717e+00
 8.5533e+01  6.6978e+00
 8.5061e+01  6.6236e+00
 8.4593e+01  6.5498e+00
 8.4126e+01  6.4759e+00
 8.3663e+01  6.4031e+00
 8.3202e+01  6.3312e+00
 8.2743e+01  6.2582e+00
 8.2287e+01  6.1848e+00
 8.1834e+01  6.1103e+00
 8.1383e+01  6.0372e+00
 8.0934e+01  5.9657e+00
 8.0488e+01  5.8936e+00
 8.0045e+01  5.8216e+00
 7.9604e+01  5.7495e+00
 7.9165e+01  5.6774e+00
 7.8729e+01  5.6053e+00
 7.8295e+01  5.5332e+00
 7.7863e+01  5.4612e+00
 7.7434e+01  5.3882e+00
 7.7007e+01  5.3178e+00
 7.6583e+01  5.2463e+00
 7.6161e+01  5.1734e+00
 7.5741e+01  5.1008e+00
 7.5324e+01  5.0302e+00
 7.4909e+01  4.9589e+00
 7.4496e+01  4.8870e+00
 7.4085e+01  4.8157e+00
 7.3677e+01  4.7444e+00
 7.3271e+01  4.6716e+00
 7.2867e+01  4.6002e+00
 7.2466e+01  4.5302e+00
 7.2066e+01  4.4577e+00
 7.1669e+01  4.3856e+00
 7.1274e+01  4.3148e+00
 7.0881e+01  4.2433e+00
 7.0491e+01  4.1711e+00
 7.0102e+01  4.0994e+00
 6.9716e+01  4.0278e+00
 6.9332e+01  3.9549e+00
 6.8950e+01  3.8835e+00
 6.8570e+01  3.8134e+00
 6.8192e+01  3.7421e+00
 6.7816e+01  3.6705e+00
 6.7442e+01  3.5976e+00
 6.7071e+01  3.5260e+00
 6.6701e+01  3.4557e+00
 6.6333e+01  3.3830e+00
 6.5968e+01  3.3106e+00
 6.5604e+01  3.2400e+00
 6.5243e+01  3.1701e+00
 6.4883e+01  3.1008e+00
 6.4526e+01  3.0302e+00
 6.4170e+01  2.9597e+00
 6.3816e+01  2.8882e+00
 6.3465e+01  2.8184e+00
 6.3115e+01  2.7504e+00
 6.2767e+01  2.6814e+00
 6.2421e+01  2.6133e+00
 6.2077e+01  2.5459e+00
 6.1735e+01  2.4795e+00
 6.1395e+01  2.4140e+00
 6.1057e+01  2.3479e+00
 6.0720e+01  2.2826e+00
 6.0385e+01  2.2183e+00
 6.0053e+01  2.1551e+00
 5.9722e+01  2.0932e+00
 5.9393e+01  2.0309e+00
 5.9065e+01  1.9702e+00
 5.8740e+01  1.9122e+00
 5.8416e+01  1.8553e+00
 5.8094e+01  1.7978e+00
 5.7774e+01  1.7405e+00
 5.7456e+01  1.6849e+00
 5.7139e+01  1.6326e+00
 5.6824e+01  1.5802e+00
 5.6511e+01  1.5312e+00
 5.6199e+01  1.4790e+00
 5.5890e+01  1.4308e+00
 5.5582e+01  1.3840e+00
 5.5275e+01  1.3380e+00
 5.4971e+01  1.2929e+00
 5.4668e+01  1.2492e+00
 5.4367e+01  1.2072e+00
 5.4067e+01  1.1668e+00
 5.3769e+01  1.1279e+00
 5.3473e+01  1.0904e+00
 5.3178e+01  1.0533e+00
 5.2885e+01  1.0178e+00
 5.2594e+01  9.8463e-01
 5.2304e+01  9.5233e-01
 5.2015e+01  9.2075e-01
 5.1729e+01  8.8961e-01
 5.1444e+01  8.5987e-01
 5.1160e+01  8.3225e-01
 5.0878e+01  8.0536e-01
 5.0598e+01  7.7911e-01
 5.0319e+01  7.5412e-01
 5.0042e+01  7.3259e-01
 4.9766e+01  7.0772e-01
 4.9492e+01  6.8567e-01
 4.9219e+01  6.6422e-01
 4.8948e+01  6.4450e-01
 4.8678e+01  6.2572e-01
 4.8410e+01  6.0721e-01
 4.8143e+01  5.8961e-01
 4.7878e+01  5.7290e-01
 4.7614e+01  5.5652e-01
 4.7351e+01  5.4097e-01
 4.7090e+01  5.2665e-01
 4.6831e+01  5.1279e-01
 4.6573e+01  4.9933e-01
 4.6316e+01  4.8652e-01
 4.6061e+01  4.7436e-01
 4.5807e+01  4.6288e-01
 4.5555e+01  4.5200e-01
 4.5304e+01  4.4166e-01
 4.5054e+01  4.3159e-01
 4.4806e+01  4.2192e-01
 4.4559e+01  4.1271e-01
 4.4313e+01  4.0394e-01
 4.4069e+01  3.9558e-01
 4.3826e+01  3.8766e-01
 4.3585e+01  3.8015e-01
 4.3344e+01  3.7307e-01
 4.3105e+01  3.6625e-01
 4.2868e+01  3.5965e-01
 4.2632e+01  3.5329e-01
 4.2397e+01  3.4722e-01
 4.2163e+01  3.4146e-01
 4.1931e+01  3.3600e-01
 4.1700e+01  3.3081e-01
 4.1470e+01  3.2583e-01
 4.1241e+01  3.2103e-01
 4.1014e+01  3.1637e-01
 4.0788e+01  3.1194e-01
 4.0563e+01  3.0775e-01
 4.0340e+01  3.0379e-01
 4.0117e+01  3.0004e-01
 3.9896e+01  2.9651e-01
 3.9676e+01  2.9313e-01
 3.9458e+01  2.8987e-01
 3.9240e+01  2.8663e-01
 3.9024e+01  2.8355e-01
 3.8809e+01  2.8069e-01
 3.8595e+01  2.7793e-01
 3.8382e+01  2.7526e-01
 3.8171e+01  2.7277e-01
 3.7961e+01  2.7040e-01
 3.7751e+01  2.6816e-01
 3.7543e+01  2.6589e-01
 3.7336e+01  2.6362e-01
 3.7131e+01  2.6161e-01
 3.6926e+01  2.5975e-01
 3.6722e+01  2.5800e-01
 3.6520e+01  2.5648e-01
 3.6319e+01  2.5519e-01
 3.6119e+01  2.5440e-01
 3.5920e+01  2.5409e-01
 3.5722e+01  2.5475e-01
 3.5525e+01  2.5737e-01
 3.5329e+01  2.6197e-01
 3.5134e+01  2.6596e-01
 3.4941e+01  2.6709e-01
 3.4748e+01  2.5966e-01
 3.4557e+01  2.5440e-01
 3.4366e+01  2.5178e-01
 3.4177e+01  2.5254e-01
 3.3989e+01  2.5200e-01
 3.3801e+01  2.5408e-01
 3.3615e+01  2.5790e-01
 3.3430e+01  2.6348e-01
 3.3245e+01  2.7189e-01
 3.3062e+01  2.7990e-01
 3.2880e+01  2.8211e-01
 3.2699e+01  2.8794e-01
 3.2519e+01  2.9966e-01
 3.2339e+01  3.2003e-01
 3.2161e+01  3.3853e-01
 3.1984e+01  3.3747e-01
 3.1808e+01  3.3715e-01
 3.1632e+01  3.3849e-01
 3.1458e+01  3.3551e-01
 3.1285e+01  3.3044e-01
 3.1112e+01  3.2414e-01
 3.0941e+01  3.2025e-01
 3.0770e+01  3.2541e-01
 3.0601e+01  3.4905e-01
 3.0432e+01  3.6148e-01
 3.0264e+01  3.1580e-01
 3.0098e+01  2.8115e-01
 2.9932e+01  2.6162e-01
 2.9767e+01  2.5133e-01
 2.9603e+01  2.4495e-01
 2.9440e+01  2.4071e-01
 2.9277e+01  2.3626e-01
 2.9116e+01  2.3158e-01
 2.8956e+01  2.2803e-01
 2.8796e+01  2.2511e-01
 2.8637e+01  2.2292e-01
 2.8479e+01  2.2108e-01
 2.8323e+01  2.1954e-01
 2.8166e+01  2.1828e-01
 2.8011e+01  2.1718e-01
 2.7857e+01  2.1629e-01
 2.7703e+01  2.1565e-01
 2.7551e+01  2.1526e-01
 2.7399e+01  2.1529e-01
 2.7248e+01  2.1566e-01
 2.7098e+01  2.1681e-01
 2.6948e+01  2.1904e-01
 2.6800e+01  2.2241e-01
 2.6652e+01  2.2924e-01
 2.6505e+01  2.3773e-01
 2.6359e+01  2.4654e-01
 2.6214e+01  2.4799e-01
 2.6069e+01  2.4179e-01
 2.5926e+01  2.3753e-01
 2.5783e+01  2.3650e-01
 2.5641e+01  2.3940e-01
 2.5500e+01  2.4723e-01
 2.5359e+01  2.6003e-01
 2.5219e+01  2.7333e-01
 2.5080e+01  2.8510e-01
 2.4942e+01  2.8747e-01
 2.4805e+01  2.8193e-01
 2.4668e+01  2.7064e-01
 2.4532e+01  2.6223e-01
 2.4397e+01  2.5728e-01
 2.4262e+01  2.6097e-01
 2.4129e+01  2.7163e-01
 2.3996e+01  2.9033e-01
 2.3863e+01  3.1955e-01
 2.3732e+01  3.5600e-01
 2.3601e+01  4.0014e-01
 2.3471e+01  4.2639e-01
 2.3342e+01  4.3303e-01
 2.3213e+01  4.0582e-01
 2.3085e+01  3.6987e-01
 2.2958e+01  3.3144e-01
 2.2831e+01  3.0578e-01
 2.2706e+01  2.9225e-01
 2.2580e+01  2.9495e-01
 2.2456e+01  2.9677e-01
 2.2332e+01  3.0500e-01
 2.2209e+01  3.0234e-01
 2.2087e+01  2.9089e-01
 2.1965e+01  2.7396e-01
 2.1844e+01  2.5641e-01
 2.1724e+01  2.4817e-01
 2.1604e+01  2.5071e-01
 2.1485e+01  2.6872e-01
 2.1366e+01  3.0832e-01
 2.1249e+01  3.6421e-01
 2.1132e+01  4.4804e-01
 2.1015e+01  5.3190e-01
 2.0899e+01  6.0505e-01
 2.0784e+01  5.2858e-01
 2.0670e+01  4.0360e-01
 2.0556e+01  2.6991e-01
 2.0442e+01  1.9890e-01
 2.0330e+01  1.6087e-01
 2.0218e+01  1.3603e-01
 2.0106e+01  1.1819e-01
 1.9995e+01  1.0654e-01
 1.9885e+01  9.7272e-02
 1.9776e+01  9.0151e-02
 1.9667e+01  8.3837e-02
 1.9558e+01  7.8778e-02
 1.9451e+01  7.4602e-02
 1.9343e+01  7.1129e-02
 1.9237e+01  6.8206e-02
 1.9131e+01  6.6054e-02
 1.9025e+01  6.4181e-02
 1.8920e+01  6.2568e-02
 1.8816e+01  6.1262e-02
 1.8713e+01  6.0177e-02
 1.8609e+01  5.9209e-02
 1.8507e+01  6.0265e-02
 1.8405e+01  5.7655e-02
 1.8303e+01  5.7055e-02
 1.8203e+01  5.6672e-02
 1.8102e+01  5.6103e-02
 1.8002e+01  5.5846e-02
 1.7903e+01  5.5718e-02
 1.7805e+01  5.5716e-02
 1.7706e+01  5.6164e-02
 1.7609e+01  5.6839e-02
 1.7512e+01  5.6967e-02
 1.7415e+01  5.7921e-02
 1.7319e+01  5.9190e-02
 1.7224e+01  6.0791e-02
 1.7129e+01  6.2903e-02
 1.7035e+01  6.5415e-02
 1.6941e+01  6.8683e-02
 1.6847e+01  7.2748e-02
 1.6755e+01  7.7763e-02
 1.6662e+01  8.5346e-02
 1.6570e+01  9.2775e-02
 1.6479e+01  1.0356e-01
 1.6388e+01  1.1787e-01
 1.6298e+01  1.3649e-01
 1.6208e+01  1.6111e-01
 1.6119e+01  1.8941e-01
 1.6030e+01  2.1555e-01
 1.5942e+01  2.2985e-01
 1.5854e+01  2.2710e-01
 1.5766e+01  2.1457e-01
 1.5679e+01  2.0160e-01
 1.5593e+01  1.9359e-01
 1.5507e+01  1.9099e-01
 1.5422e+01  1.9307e-01
 1.5337e+01  2.0227e-01
 1.5252e+01  2.0874e-01
 1.5168e+01  2.2588e-01
 1.5085e+01  2.4698e-01
 1.5001e+01  2.7743e-01
 1.4919e+01  3.1623e-01
 1.4837e+01  3.6362e-01
 1.4755e+01  4.2057e-01
 1.4673e+01  4.7585e-01
 1.4593e+01  5.2850e-01
 1.4512e+01  5.5370e-01
 1.4432e+01  5.7533e-01
 1.4353e+01  5.7982e-01
 1.4274e+01  6.0078e-01
 1.4195e+01  6.0633e-01
 1.4117e+01  6.0332e-01
 1.4039e+01  5.8484e-01
 1.3962e+01  5.3471e-01
 1.3885e+01  4.7800e-01
 1.3808e+01  4.1828e-01
 1.3732e+01  3.6711e-01
 1.3656e+01  3.2682e-01
 1.3581e+01  2.9224e-01
 1.3506e+01  2.6472e-01
 1.3432e+01  2.4101e-01
 1.3358e+01  2.2068e-01
 1.3284e+01  2.0351e-01
 1.3211e+01  1.8887e-01
 1.3138e+01  1.7678e-01
 1.3066e+01  1.6525e-01
 1.2994e+01  1.5630e-01
 1.2922e+01  1.5072e-01
 1.2851e+01  1.4827e-01
 1.2780e+01  1.4327e-01
 1.2710e+01  1.4129e-01
 1.2640e+01  1.4074e-01
 1.2570e+01  1.4100e-01
 1.2501e+01  1.4182e-01
 1.2432e+01  1.3915e-01
 1.2363e+01  1.3850e-01
 1.2295e+01  1.3433e-01
 1.2227e+01  1.3141e-01
 1.2160e+01  1.2764e-01
 1.2093e+01  1.2784e-01
 1.2026e+01  1.2695e-01
 1.1960e+01  1.3390e-01
 1.1894e+01  1.4393e-01
 1.1829e+01  1.6397e-01
 1.1763e+01  1.9820e-01
 1.1699e+01  2.4679e-01
 1.1634e+01  3.1137e-01
 1.1570e+01  3.7146e-01
 1.1506e+01  3.7725e-01
 1.1443e+01  3.3259e-01
 1.1380e+01  2.5508e-01
 1.1317e+01  1.9610e-01
 1.1255e+01  1.4680e-01
 1.1193e+01  1.1926e-01
 1.1131e+01  9.8843e-02
 1.1070e+01  8.5368e-02
 1.1009e+01  7.7626e-02
 1.0948e+01  7.0687e-02
 1.0888e+01  6.7329e-02
 1.0828e+01  6.5368e-02
 1.0768e+01  6.6378e-02
 1.0709e+01  7.0327e-02
 1.0650e+01  7.0269e-02
 1.0591e+01  7.2765e-02
 1.0533e+01  7.0825e-02
 1.0474e+01  6.5944e-02
 1.0417e+01  5.9456e-02
 1.0359e+01  5.3596e-02
 1.0302e+01  4.8066e-02
 1.0245e+01  4.4959e-02
 1.0189e+01  4.2759e-02
 1.0133e+01  4.3042e-02
 1.0077e+01  4.1679e-02
 1.0021e+01  4.1565e-02
 9.9663e+00  4.2681e-02
 9.9113e+00  4.4399e-02
 9.8567e+00  4.5891e-02
 9.8024e+00  4.6861e-02
 9.7484e+00  4.6412e-02
 9.6947e+00  4.5122e-02
 9.6412e+00  4.1208e-02
 9.5881e+00  3.8595e-02
 9.5353e+00  3.6901e-02
 9.4827e+00  3.4548e-02
 9.4304e+00  3.4520e-02
 9.3785e+00  3.2772e-02
 9.3268e+00  3.3252e-02
 9.2754e+00  3.3995e-02
 9.2243e+00  3.0996e-02
 9.1734e+00  3.1141e-02
 9.1229e+00  3.1429e-02
 9.0726e+00  3.0293e-02
 9.0226e+00  3.1441e-02
 8.9729e+00  3.1406e-02
 8.9234e+00  3.0091e-02
 8.8743e+00  3.0208e-02
 8.8254e+00  2.9403e-02
 8.7767e+00  2.9463e-02
 8.7284e+00  3.0164e-02
 8.6802e+00  2.9200e-02
 8.6324e+00  2.9009e-02
 8.5848e+00  3.0599e-02
 8.5375e+00  2.8999e-02
 8.4905e+00  3.0012e-02
 8.4437e+00  2.8781e-02
 8.3972e+00  2.9381e-02
 8.3509e+00  2.9488e-02
 8.3049e+00  3.0078e-02
 8.2591e+00  3.0248e-02
 8.2136e+00  3.2321e-02
 8.1683e+00  3.0962e-02
 8.1233e+00  3.2357e-02
 8.0785e+00  3.2053e-02
 8.0340e+00  3.2493e-02
 7.9897e+00  3.1476e-02
 7.9457e+00  3.2665e-02
 7.9019e+00  3.4383e-02
 7.8584e+00  3.5856e-02
 7.8151e+00  3.4389e-02
 7.7720e+00  3.5555e-02
 7.7292e+00  3.4481e-02
 7.6866e+00  3.5480e-02
 7.6442e+00  3.5871e-02
 7.6021e+00  3.6201e-02
 7.5602e+00  3.6139e-02
 7.5185e+00  3.7789e-02
 7.4771e+00  3.7116e-02
 7.4359e+00  3.8948e-02
 7.3949e+00  3.7720e-02
 7.3541e+00  3.7586e-02
 7.3136e+00  3.8028e-02
 7.2733e+00  3.8787e-02
 7.2332e+00  3.8136e-02
 7.1934e+00  3.8979e-02
 7.1537e+00  3.8226e-02
 7.1143e+00  3.8585e-02
 7.0751e+00  3.8815e-02
 7.0361e+00  4.0100e-02
 6.9973e+00  4.0081e-02
 6.9588e+00  3.9566e-02
 6.9204e+00  3.8428e-02
 6.8823e+00  3.8720e-02
 6.8443e+00  3.9474e-02
 6.8066e+00  3.9033e-02
 6.7691e+00  4.0500e-02
 6.7318e+00  4.0545e-02
 6.6947e+00  4.0516e-02
 6.6578e+00  3.9924e-02
 6.6211e+00  4.1636e-02
 6.5846e+00  4.3048e-02
 6.5484e+00  4.1175e-02
 6.5123e+00  4.2261e-02
 6.4764e+00  4.1742e-02
 6.4407e+00  4.2742e-02
 6.4052e+00  4.3556e-02
 6.3699e+00  4.5013e-02
 6.3348e+00  4.6188e-02
 6.2999e+00  4.8601e-02
 6.2652e+00  5.2006e-02
 6.2306e+00  5.8447e-02
 6.1963e+00  7.2829e-02
 6.1621e+00  1.0923e-01
 6.1282e+00  1.5857e-01
 6.0944e+00  1.3400e-01
 6.0608e+00  1.0072e-01
 6.0274e+00  6.7927e-02
 5.9942e+00  5.8393e-02
 5.9612e+00  5.1552e-02
 5.9283e+00  4.7140e-02
 5.8957e+00  4.5725e-02
 5.8632e+00  4.5392e-02
 5.8309e+00  4.3764e-02
 5.7987e+00  4.3149e-02
 5.7668e+00  4.3859e-02
 5.7350e+00  4.3644e-02
 5.7034e+00  4.2914e-02
 5.6719e+00  4.5214e-02
 5.6407e+00  4.4356e-02
 5.6096e+00  4.2181e-02
 5.5787e+00  4.3261e-02
 5.5479e+00  4.4456e-02
 5.5174e+00  4.4355e-02
 5.4870e+00  4.3146e-02
 5.4567e+00  4.4637e-02
 5.4267e+00  4.4149e-02
 5.3967e+00  4.4555e-02
 5.3670e+00  4.4497e-02
 5.3374e+00  4.4734e-02
 5.3080e+00  4.4800e-02
 5.2788e+00  4.4161e-02
 5.2497e+00  4.3289e-02
 5.2207e+00  4.6539e-02
 5.1920e+00  4.3887e-02
 5.1634e+00  4.4681e-02
 5.1349e+00  4.5563e-02
 5.1066e+00  4.5497e-02
 5.0785e+00  4.3658e-02
 5.0505e+00  4.5234e-02
 5.0226e+00  4.5605e-02
 4.9950e+00  4.3720e-02
 4.9674e+00  4.5553e-02
 4.9401e+00  4.4955e-02
 4.9128e+00  4.4928e-02
 4.8858e+00  4.6005e-02
 4.8588e+00  4.5080e-02
 4.8321e+00  4.5578e-02
 4.8054e+00  4.6639e-02
 4.7789e+00  4.4006e-02
 4.7526e+00  4.3661e-02
 4.7264e+00  4.2918e-02
 4.7004e+00  4.3321e-02
 4.6745e+00  4.3393e-02
 4.6487e+00  4.3248e-02
 4.6231e+00  4.2473e-02
 4.5976e+00  4.2524e-02
 4.5723e+00  4.7493e-02
 4.5471e+00  4.4377e-02
 4.5220e+00  4.5838e-02
 4.4971e+00  4.6181e-02
 4.4723e+00  4.5047e-02
 4.4477e+00  4.6711e-02
 4.4232e+00  4.6031e-02
 4.3988e+00  4.8001e-02
 4.3745e+00  5.0005e-02
 4.3504e+00  4.9873e-02
 4.3265e+00  5.2589e-02
 4.3026e+00  5.1607e-02
 4.2789e+00  5.5431e-02
 4.2553e+00  5.1082e-02
 4.2319e+00  5.7820e-02
 4.2085e+00  5.9231e-02
 4.1854e+00  5.9863e-02
 4.1623e+00  6.0192e-02
 4.1394e+00  5.9521e-02
 4.1165e+00  6.5497e-02
 4.0939e+00  6.0949e-02
 4.0713e+00  6.2158e-02
 4.0489e+00  6.0416e-02
 4.0265e+00  6.0238e-02
 4.0044e+00  6.3968e-02
 3.9823e+00  6.4378e-02
 3.9603e+00  6.2006e-02
 3.9385e+00  6.4208e-02
 3.9168e+00  6.3577e-02
 3.8952e+00  6.3832e-02
 3.8738e+00  6.2203e-02
 3.8524e+00  6.1836e-02
 3.8312e+00  6.2232e-02
 3.8101e+00  5.9308e-02
 3.7891e+00  5.9876e-02
 3.7682e+00  6.1224e-02
 3.7474e+00  6.3051e-02
 3.7268e+00  5.8790e-02
 3.7062e+00  6.0249e-02
 3.6858e+00  6.1565e-02
 3.6655e+00  6.2252e-02
 3.6453e+00  5.9856e-02
 3.6252e+00  6.1863e-02
 3.6052e+00  6.0435e-02
 3.5854e+00  6.2447e-02
 3.5656e+00  6.3484e-02
 3.5459e+00  6.3468e-02
 3.5264e+00  6.5283e-02
 3.5070e+00  6.3040e-02
 3.4876e+00  6.3468e-02
 3.4684e+00  6.1852e-02
 3.4493e+00  6.6253e-02
 3.4303e+00  6.6954e-02
 3.4114e+00  6.9561e-02
 3.3926e+00  6.4346e-02
 3.3739e+00  6.5347e-02
 3.3553e+00  6.5659e-02
 3.3368e+00  6.5682e-02
 3.3184e+00  6.6694e-02
 3.3001e+00  6.5402e-02
 3.2820e+00  6.8517e-02
 3.2639e+00  6.9144e-02
 3.2459e+00  6.9059e-02
 3.2280e+00  7.1122e-02
 3.2102e+00  7.1069e-02
 3.1925e+00  7.2016e-02
 3.1749e+00  7.3641e-02
 3.1574e+00  7.3177e-02
 3.1400e+00  7.2318e-02
 3.1227e+00  7.3709e-02
 3.1055e+00  7.3569e-02
 3.0884e+00  7.1994e-02
 3.0714e+00  7.4972e-02
 3.0544e+00  7.1972e-02
 3.0376e+00  7.2489e-02
 3.0209e+00  7.0963e-02
 3.0042e+00  7.0311e-02
 2.9877e+00  7.1151e-02
 2.9712e+00  6.9240e-02
 2.9548e+00  6.8403e-02
 2.9385e+00  7.0179e-02
 2.9223e+00  6.7841e-02
 2.9062e+00  7.1865e-02
 2.8902e+00  6.8545e-02
 2.8743e+00  6.9137e-02
 2.8585e+00  6.4473e-02
 2.8427e+00  6.6587e-02
 2.8270e+00  6.4369e-02
 2.8115e+00  6.2149e-02
 2.7960e+00  6.3330e-02
 2.7806e+00  6.2307e-02
 2.7652e+00  6.0181e-02
 2.7500e+00  6.0720e-02
 2.7348e+00  6.3023e-02
 2.7198e+00  5.8027e-02
 2.7048e+00  5.7971e-02
 2.6899e+00  5.9738e-02
 2.6751e+00  5.9702e-02
 2.6603e+00  5.7316e-02
 2.6456e+00  5.7975e-02
 2.6311e+00  5.4519e-02
 2.6166e+00  5.6723e-02
 2.6021e+00  5.5931e-02
 2.5878e+00  5.7456e-02
 2.5735e+00  5.7448e-02
 2.5594e+00  5.7209e-02
 2.5453e+00  5.5909e-02
 2.5312e+00  5.8909e-02
 2.5173e+00  5.6570e-02
 2.5034e+00  5.8468e-02
 2.4896e+00  5.5621e-02
 2.4759e+00  5.6904e-02
 2.4623e+00  5.6715e-02
 2.4487e+00  5.7511e-02
 2.4352e+00  5.9233e-02
 2.4218e+00  5.6653e-02
 2.4084e+00  5.8610e-02
 2.3951e+00  6.0219e-02
 2.3819e+00  6.0734e-02
 2.3688e+00  6.0128e-02
 2.3558e+00  5.9543e-02
 2.3428e+00  5.5708e-02
 2.3299e+00  5.6301e-02
 2.3170e+00  5.5018e-02
 2.3043e+00  5.7800e-02
 2.2916e+00  5.5275e-02
 2.2789e+00  5.4384e-02
 2.2664e+00  5.3815e-02
 2.2539e+00  5.4351e-02
 2.2415e+00  5.5428e-02
 2.2291e+00  5.2578e-02
 2.2168e+00  5.1556e-02
 2.2046e+00  5.5752e-02
 2.1925e+00  5.4088e-02
 2.1804e+00  5.2628e-02
 2.1684e+00  5.3806e-02
 2.1564e+00  5.2475e-02
 2.1445e+00  5.1726e-02
 2.1327e+00  5.1629e-02
 2.1210e+00  5.1709e-02
 2.1093e+00  5.1535e-02
 2.0976e+00  4.8975e-02
 2.0861e+00  5.2165e-02
 2.0746e+00  5.0722e-02
 2.0632e+00  5.0354e-02
 2.0518e+00  4.9091e-02
 2.0405e+00  4.9860e-02
 2.0292e+00  4.6144e-02
 2.0181e+00  4.9207e-02
 2.0069e+00  4.8155e-02
 1.9959e+00  4.7837e-02
 1.9849e+00  4.8137e-02
 1.9739e+00  4.9142e-02
 1.9631e+00  4.9606e-02
 1.9522e+00  4.8637e-02
 1.9415e+00  4.6427e-02
 1.9308e+00  4.9480e-02
 1.9201e+00  4.6444e-02
 1.9096e+00  4.7763e-02
 1.8990e+00  4.9010e-02
 1.8886e+00  4.8863e-02
 1.8782e+00  4.6453e-02
 1.8678e+00  4.5524e-02
 1.8575e+00  4.5968e-02
 1.8473e+00  4.8315e-02
 1.8371e+00  4.7344e-02
 1.8270e+00  4.7810e-02
 1.8169e+00  4.6459e-02
 1.8069e+00  4.6438e-02
 1.7969e+00  4.7640e-02
 1.7870e+00  4.7102e-02
 1.7772e+00  4.7611e-02
 1.7674e+00  4.6255e-02
 1.7576e+00  4.5806e-02
 1.7480e+00  4.5252e-02
 1.7383e+00  4.2229e-02
 1.7287e+00  4.7093e-02
 1.7192e+00  4.0985e-02
 1.7097e+00  4.3519e-02
 1.7003e+00  4.4094e-02
 1.6910e+00  4.4890e-02
 1.6816e+00  4.2815e-02
 1.6724e+00  4.0439e-02
 1.6632e+00  4.4704e-02
 1.6540e+00  4.3671e-02
 1.6449e+00  3.8425e-02
 1.6358e+00  4.1274e-02
 1.6268e+00  4.0098e-02
 1.6178e+00  3.9470e-02
 1.6089e+00  3.7771e-02
 1.6000e+00  3.7866e-02
 1.5912e+00  3.6484e-02
 1.5825e+00  3.3341e-02
 1.5737e+00  3.6280e-02
 1.5651e+00  3.5566e-02
 1.5564e+00  3.5116e-02
 1.5479e+00  3.7341e-02
 1.5393e+00  3.8175e-02
 1.5308e+00  3.9195e-02
 1.5224e+00  3.5490e-02
 1.5140e+00  3.9982e-02
 1.5057e+00  3.6950e-02
 1.4974e+00  3.6298e-02
 1.4891e+00  3.4994e-02
 1.4809e+00  3.3593e-02
 1.4728e+00  3.8419e-02
 1.4646e+00  3.4536e-02
 1.4566e+00  3.3661e-02
 1.4485e+00  3.1563e-02
 1.4406e+00  3.3017e-02
 1.4326e+00  3.1812e-02
 1.4247e+00  3.0901e-02
 1.4169e+00  3.1525e-02
 1.4091e+00  3.1140e-02
 1.4013e+00  3.4148e-02
 1.3936e+00  3.4101e-02
 1.3859e+00  3.1883e-02
 1.3783e+00  3.3079e-02
 1.3707e+00  3.0060e-02
 1.3631e+00  2.9443e-02
 1.3556e+00  2.9197e-02
 1.3481e+00  2.8541e-02
 1.3407e+00  3.0750e-02
 1.3333e+00  2.7969e-02
 1.3260e+00  2.8660e-02
 1.3187e+00  2.7400e-02
 1.3114e+00  2.9447e-02
 1.3042e+00  2.8139e-02
 1.2970e+00  2.5616e-02
 1.2898e+00  2.4356e-02
 1.2827e+00  2.5570e-02
 1.2757e+00  2.5790e-02
 1.2686e+00  2.7372e-02
 1.2616e+00  2.6390e-02
 1.2547e+00  2.6138e-02
 1.2478e+00  2.6370e-02
 1.2409e+00  2.5626e-02
 1.2340e+00  2.4146e-02
 1.2272e+00  2.4482e-02
 1.2205e+00  2.3980e-02
 1.2138e+00  2.4369e-02
 1.2071e+00  2.4233e-02
 1.2004e+00  2.2779e-02
 1.1938e+00  2.5088e-02
 1.1872e+00  2.3743e-02
 1.1807e+00  2.4582e-02
 1.1742e+00  2.5159e-02
 1.1677e+00  2.3204e-02
 1.1613e+00  2.3237e-02
 1.1549e+00  2.2196e-02
 1.1485e+00  2.2333e-02
 1.1422e+00  2.1989e-02
 1.1359e+00  2.4536e-02
 1.1296e+00  2.2013e-02
 1.1234e+00  2.2836e-02
 1.1172e+00  2.3271e-02
 1.1110e+00  2.2495e-02
 1.1049e+00  2.3316e-02
 1.0988e+00  2.1119e-02
 1.0928e+00  2.2405e-02
 1.0868e+00  2.0372e-02
 1.0808e+00  2.1404e-02
 1.0748e+00  2.0672e-02
 1.0689e+00  2.1565e-02
 1.0630e+00  2.0126e-02
 1.0571e+00  1.8486e-02
 1.0513e+00  1.8868e-02
 1.0455e+00  1.8403e-02
 1.0398e+00  1.9177e-02
 1.0340e+00  1.8941e-02
 1.0283e+00  1.9152e-02
 1.0227e+00  1.9122e-02
 1.0170e+00  1.7370e-02
 1.0114e+00  1.9087e-02
 1.0058e+00  1.7780e-02
 1.0003e+00  1.8361e-02
 9.9479e-01  1.9083e-02
 9.8931e-01  1.8266e-02
 9.8386e-01  1.7418e-02
 9.7844e-01  1.7021e-02
 9.7304e-01  1.8474e-02
 9.6768e-01  1.6979e-02
 9.6235e-01  1.5216e-02
 9.5704e-01  1.4841e-02
 9.5177e-01  1.6749e-02
 9.4653e-01  1.6696e-02
 9.4131e-01  1.6075e-02
 9.3612e-01  1.4698e-02
 9.3096e-01  1.6427e-02
 9.2583e-01  1.4820e-02
 9.2073e-01  1.6513e-02
 9.1566e-01  1.6879e-02
 9.1061e-01  1.4324e-02
 9.0559e-01  1.5564e-02
 9.0060e-01  1.3844e-02
 8.9564e-01  1.4386e-02
 8.9070e-01  1.4863e-02
 8.8579e-01  1.4487e-02
 8.8091e-01  1.4253e-02
 8.7606e-01  1.5014e-02
 8.7123e-01  1.3023e-02
 8.6643e-01  1.2545e-02
 8.6165e-01  1.3673e-02
 8.5690e-01  1.4184e-02
 8.5218e-01  1.4011e-02
 8.4749e-01  1.3694e-02
 8.4281e-01  1.2576e-02
 8.3817e-01  1.2508e-02
 8.3355e-01  1.1855e-02
 8.2896e-01  1.3089e-02
 8.2439e-01  1.3841e-02
 8.1985e-01  1.2799e-02
 8.1533e-01  1.2762e-02
 8.1083e-01  1.1157e-02
 8.0637e-01  1.1295e-02
 8.0192e-01  1.0034e-02
 7.9750e-01  1.0460e-02
 7.9311e-01  1.1343e-02
 7.8874e-01  1.1141e-02
 7.8439e-01  1.1471e-02
 7.8007e-01  1.0813e-02
 7.7577e-01  1.0610e-02
 7.7149e-01  1.0587e-02
 7.6724e-01  1.0601e-02
 7.6301e-01  9.1168e-03
 7.5881e-01  8.3623e-03
 7.5463e-01  9.0872e-03
 7.5047e-01  1.0417e-02
 7.4633e-01  1.0363e-02
 7.4222e-01  9.7028e-03
 7.3813e-01  8.2756e-03
 7.3406e-01  5.9222e-03
 7.3002e-01  7.2658e-03
 7.2599e-01  8.2977e-03
 7.2199e-01  5.9081e-03
 7.1801e-01  6.9443e-03
 7.1406e-01  6.8547e-03
 7.1012e-01  5.4825e-03
 7.0621e-01  6.4467e-03
 7.0232e-01  5.7397e-03
 6.9844e-01  4.9445e-03
 6.9460e-01  4.5781e-03
 6.9077e-01  4.2279e-03
 6.8696e-01  4.9450e-03
 6.8318e-01  3.9231e-03
 6.7941e-01  3.7313e-03
 6.7567e-01  3.9575e-03
 6.7194e-01  3.7015e-03
 6.6824e-01  3.8302e-03
 6.6456e-01  3.4166e-03
 6.6089e-01  4.1296e-03
 6.5725e-01  3.6680e-03
 6.5363e-01  3.7706e-03
 6.5003e-01  3.3870e-03
 6.4645e-01  3.0483e-03
 6.4288e-01  2.9146e-03
 6.3934e-01  3.1356e-03
 6.3582e-01  3.1187e-03
 6.3231e-01  3.0668e-03
 6.2883e-01  2.9626e-03
 6.2536e-01  2.6352e-03
 6.2192e-01  2.8879e-03
 6.1849e-01  2.9466e-03
 6.1508e-01  2.8613e-03
 6.1169e-01  3.6840e-03
 6.0832e-01  2.8856e-03
 6.0497e-01  3.3710e-03
 6.0163e-01  2.7394e-03
 5.9832e-01  2.8871e-03
 5.9502e-01  2.4116e-03
 5.9174e-01  2.3991e-03
 5.8848e-01  2.2552e-03
 5.8524e-01  2.6650e-03
 5.8201e-01  2.3891e-03
 5.7880e-01  2.2687e-03
 5.7562e-01  2.4143e-03
 5.7244e-01  2.5030e-03
 5.6929e-01  2.2235e-03
 5.6615e-01  2.4262e-03
 5.6303e-01  2.2927e-03
 5.5993e-01  2.1138e-03
 5.5684e-01  2.2238e-03
 5.5377e-01  2.1562e-03
 5.5072e-01  2.1506e-03
 5.4769e-01  2.2676e-03
 5.4467e-01  1.8515e-03
 5.4167e-01  1.9582e-03
 5.3868e-01  2.3308e-03
 5.3571e-01  1.9418e-03
 5.3276e-01  1.6137e-03
 5.2982e-01  1.5189e-03
 5.2690e-01  1.7384e-03
 5.2400e-01  1.8928e-03
 5.2111e-01  1.5428e-03
 5.1824e-01  1.2137e-03
 5.1539e-01  1.7324e-03
 5.1255e-01  1.5183e-03
 5.0972e-01  1.3098e-03
 5.0691e-01  1.8035e-03
 5.0412e-01  1.5055e-03
 5.0134e-01  1.6200e-03
 4.9858e-01  1.5221e-03
 4.9583e-01  1.9476e-03
 4.9310e-01  1.5895e-03
 4.9038e-01  1.4731e-03
 4.8768e-01  1.3061e-03
 4.8499e-01  1.1063e-03
 4.8232e-01  1.2570e-03
 4.7966e-01  1.2615e-03
 4.7702e-01  1.3913e-03
 4.7439e-01  1.0705e-03
 4.7177e-01  1.1483e-03
 4.6917e-01  9.9656e-04
 4.6659e-01  9.5867e-04
 4.6402e-01  1.0237e-03
 4.6146e-01  9.2918e-04
 4.5891e-01  1.1213e-03
 4.5639e-01  1.1321e-03
 4.5387e-01  1.1800e-03
 4.5137e-01  1.1884e-03
 4.4888e-01  1.0771e-03
 4.4641e-01  7.8257e-04
 4.4395e-01  9.5294e-04
 4.4150e-01  8.2803e-04
 4.3907e-01  7.9562e-04
 4.3665e-01  7.6483e-04
 4.3424e-01  8.1167e-04
 4.3185e-01  7.7807e-04
 4.2947e-01  8.8514e-04
 4.2710e-01  8.1352e-04
 4.2475e-01  8.3971e-04
 4.2241e-01  8.7917e-04
 4.2008e-01  8.9426e-04
 4.1777e-01  8.5118e-04
 4.1546e-01  7.9900e-04
 4.1317e-01  8.8567e-04
 4.1090e-01  6.6971e-04
 4.0863e-01  7.4088e-04
 4.0638e-01  8.1438e-04
 4.0414e-01  6.9586e-04
 4.0191e-01  7.8456e-04
 3.9970e-01  8.8983e-04
 3.9750e-01  7.3449e-04
 3.9530e-01  7.3832e-04
 3.9313e-01  7.4796e-04
 3.9096e-01  7.9282e-04
 3.8881e-01  7.3752e-04
 3.8666e-01  7.2234e-04
 3.8453e-01  7.6201e-04
 3.8241e-01  7.9965e-04
 3.8031e-01  7.9630e-04
 3.7821e-01  8.8803e-04
 3.7612e-01  7.1778e-04
 3.7405e-01  7.7252e-04
 3.7199e-01  7.5217e-04
 3.6994e-01  8.2114e-04
 3.6790e-01  7.6062e-04
 3.6587e-01  8.7108e-04
 3.6386e-01  8.1003e-04
 3.6185e-01  8.0877e-04
 3.5986e-01  8.9931e-04
 3.5788e-01  8.6345e-04
 3.5590e-01  7.5511e-04
 3.5394e-01  8.0106e-04
 3.5199e-01  9.0041e-04
 3.5005e-01  7.8676e-04
 3.4812e-01  8.0440e-04
 3.4620e-01  9.0339e-04
 3.4430e-01  7.9287e-04
 3.4240e-01  8.2982e-04
 3.4051e-01  7.4725e-04
 3.3864e-01  8.8249e-04
 3.3677e-01  9.5419e-04
 3.3491e-01  9.3708e-04
 3.3307e-01  1.0056e-03
 3.3123e-01  9.5608e-04
 3.2941e-01  8.6316e-04
 3.2759e-01  8.8772e-04
 3.2579e-01  8.0166e-04
 3.2399e-01  8.9145e-04
 3.2220e-01  7.4598e-04
 3.2043e-01  7.3714e-04
 3.1866e-01  8.1505e-04
 3.1691e-01  7.9081e-04
 3.1516e-01  8.1356e-04
 3.1342e-01  8.3921e-04
 3.1170e-01  7.9234e-04
 3.0998e-01  7.4596e-04
 3.0827e-01  7.3397e-04
 3.0657e-01  7.1482e-04
 3.0488e-01  7.9103e-04
 3.0320e-01  7.7023e-04
 3.0153e-01  6.0078e-04
 2.9987e-01  8.2719e-04
 2.9822e-01  7.4442e-04
 2.9657e-01  7.6677e-04
 2.9494e-01  6.9121e-04
 2.9331e-01  5.9521e-04
 2.9170e-01  6.7983e-04
 2.9009e-01  5.5993e-04
 2.8849e-01  6.0239e-04
 2.8690e-01  5.6647e-04
 2.8532e-01  5.4626e-04
 2.8375e-01  5.9974e-04
 2.8218e-01  6.0618e-04
 2.8063e-01  6.1803e-04
 2.7908e-01  6.6920e-04
 2.7754e-01  7.0682e-04
 2.7601e-01  6.6781e-04
 2.7449e-01  6.4937e-04
 2.7298e-01  6.2852e-04
 2.7148e-01  5.6850e-04
 2.6998e-01  6.4749e-04
 2.6849e-01  7.1472e-04
 2.6701e-01  6.9469e-04
 2.6554e-01  6.3165e-04
 2.6408e-01  5.8814e-04
 2.6262e-01  5.9991e-04
 2.6118e-01  6.2528e-04
 2.5974e-01  5.5087e-04
 2.5830e-01  6.4575e-04
 2.5688e-01  5.9502e-04
 2.5547e-01  5.4713e-04
 2.5406e-01  4.9028e-04
 2.5266e-01  5.0997e-04
 2.5127e-01  5.1237e-04
 2.4988e-01  5.3970e-04
 2.4850e-01  5.5381e-04
 2.4713e-01  5.4423e-04
 2.4577e-01  5.2584e-04
 2.4442e-01  5.5514e-04
 2.4307e-01  4.7789e-04
 2.4173e-01  4.8189e-04
 2.4040e-01  3.9994e-04
 2.3907e-01  4.3985e-04
 2.3776e-01  4.9559e-04
 2.3645e-01  5.1196e-04
 2.3514e-01  4.6403e-04
 2.3385e-01  4.2562e-04
 2.3256e-01  3.9373e-04
 2.3128e-01  4.5270e-04
 2.3000e-01  3.6957e-04
 2.2873e-01  3.2659e-04
 2.2747e-01  2.7892e-04
 2.2622e-01  2.4273e-04
 2.2497e-01  1.6134e-04
 2.2373e-01  2.3851e-04
 2.2250e-01  2.6584e-04
 2.2127e-01  2.8150e-04
 2.2006e-01  3.1145e-04
 2.1884e-01  2.6101e-04
 2.1764e-01  2.5250e-04
 2.1644e-01  3.0882e-04
 2.1524e-01  3.1360e-04
 2.1406e-01  2.7497e-04
 2.1288e-01  3.7833e-04
 2.1171e-01  2.6071e-04
 2.1054e-01  3.4585e-04
 2.0938e-01  2.8986e-04
 2.0822e-01  2.1915e-04
 2.0708e-01  2.4318e-04
 2.0594e-01  3.1680e-04
 2.0480e-01  2.4065e-04
 2.0367e-01  2.8993e-04
 2.0255e-01  2.5567e-04
 2.0143e-01  1.9714e-04
 2.0032e-01  2.5824e-04
 1.9922e-01  2.3991e-04
 1.9812e-01  2.1945e-04
 1.9703e-01  2.3484e-04
 1.9594e-01  2.2025e-04
 1.9486e-01  2.7695e-04
 1.9379e-01  2.5776e-04
 1.9272e-01  2.0955e-04
 1.9166e-01  1.2043e-04
 1.9060e-01  9.4328e-05
 1.8955e-01  9.7973e-05
 1.8851e-01  1.4655e-04
 1.8747e-01  1.5314e-04
 1.8644e-01  1.6766e-04
 1.8541e-01  1.3658e-04
 1.8439e-01  1.3063e-04
 1.8337e-01  1.4063e-04
 1.8236e-01  1.3224e-04
 1.8136e-01  6.8813e-05
 1.8036e-01  7.0433e-05
 1.7936e-01  9.1636e-05
 1.7837e-01  1.1127e-04
 1.7739e-01  9.7426e-05
 1.7641e-01  8.6972e-05
 1.7544e-01  1.2510e-04
 1.7447e-01  9.0838e-05
 1.7351e-01  1.0147e-04
 1.7256e-01  8.3546e-05
 1.7161e-01  5.7755e-05
 1.7066e-01  7.0538e-05
 1.6972e-01  5.1648e-05
 1.6878e-01  0.0000e+00
 1.6785e-01  0.0000e+00
 1.6693e-01  0.0000e+00
 1.6601e-01  0.0000e+00
 1.6509e-01  0.0000e+00
 1.6418e-01  0.0000e+00
 1.6328e-01  0.0000e+00
 1.6238e-01  0.0000e+00
 1.6148e-01  0.0000e+00
 1.6060e-01  0.0000e+00
 1.5971e-01  0.0000e+00
 1.5883e-01  0.0000e+00
 1.5795e-01  0.0000e+00
 1.5708e-01  0.0000e+00
 1.5622e-01  0.0000e+00
 1.5536e-01  0.0000e+00
 1.5450e-01  0.0000e+00
 1.5365e-01  0.0000e+00
 1.5280e-01  0.0000e+00
 1.5196e-01  0.0000e+00
 1.5112e-01  0.0000e+00
 1.5029e-01  0.0000e+00
 1.4946e-01  0.0000e+00
 1.4864e-01  0.0000e+00
 1.4782e-01  0.0000e+00
 1.4701e-01  0.0000e+00
 1.4619e-01  0.0000e+00
 1.4539e-01  0.0000e+00
 1.4459e-01  0.0000e+00
 1.4379e-01  0.0000e+00
 1.4300e-01  0.0000e+00
 1.4221e-01  0.0000e+00
 1.4143e-01  0.0000e+00
 1.4065e-01  0.0000e+00
 1.3987e-01  0.0000e+00
 1.3910e-01  0.0000e+00
 1.3834e-01  0.0000e+00
 1.3757e-01  0.0000e+00
 1.3681e-01  0.0000e+00
 1.3606e-01  0.0000e+00
 1.3531e-01  0.0000e+00
 1.3457e-01  0.0000e+00
 1.3382e-01  0.0000e+00
 1.3309e-01  0.0000e+00
 1.3235e-01  0.0000e+00
 1.3162e-01  0.0000e+00
 1.3090e-01  0.0000e+00
 1.3018e-01  0.0000e+00
 1.2946e-01  0.0000e+00
 1.2875e-01  0.0000e+00
 1.2804e-01  0.0000e+00
 1.2733e-01  0.0000e+00
 1.2663e-01  0.0000e+00
 1.2593e-01  0.0000e+00
 1.2524e-01  0.0000e+00
 1.2455e-01  0.0000e+00
 1.2386e-01  0.0000e+00
 1.2318e-01  0.0000e+00
 1.2250e-01  0.0000e+00
 1.2182e-01  0.0000e+00
 1.2115e-01  0.0000e+00
 1.2048e-01  0.0000e+00
 1.1982e-01  0.0000e+00
 1.1916e-01  0.0000e+00
 1.1850e-01  0.0000e+00
 1.1785e-01  0.0000e+00
 1.1720e-01  0.0000e+00
 1.1656e-01  0.0000e+00
 1.1591e-01  0.0000e+00
 1.1527e-01  0.0000e+00
 1.1464e-01  0.0000e+00
 1.1401e-01  0.0000e+00
 1.1338e-01  0.0000e+00
 1.1275e-01  0.0000e+00
 1.1213e-01  0.0000e+00
 1.1151e-01  0.0000e+00
 1.1090e-01  0.0000e+00
 1.1029e-01  0.0000e+00
 1.0968e-01  0.0000e+00
 1.0908e-01  0.0000e+00
 1.0848e-01  0.0000e+00
 1.0788e-01  0.0000e+00
 1.0728e-01  0.0000e+00
 1.0669e-01  0.0000e+00
 1.0610e-01  0.0000e+00
 1.0552e-01  0.0000e+00
 1.0494e-01  0.0000e+00
 1.0436e-01  0.0000e+00
 1.0378e-01  0.0000e+00
 1.0321e-01  0.0000e+00
 1.0264e-01  0.0000e+00
 1.0208e-01  0.0000e+00
 1.0152e-01  0.0000e+00
 1.0096e-01  0.0000e+00
 1.0040e-01  0.0000e+00
 9.9846e-02  0.0000e+00
 9.9296e-02  0.0000e+00
 9.8749e-02  0.0000e+00
 9.8205e-02  0.0000e+00
 9.7663e-02  0.0000e+00
 9.7125e-02  0.0000e+00
 9.6590e-02  0.0000e+00
 9.6058e-02  0.0000e+00
 9.5528e-02  0.0000e+00
 9.5002e-02  0.0000e+00
 9.4478e-02  0.0000e+00
 9.3958e-02  0.0000e+00
 9.3440e-02  0.0000e+00
 9.2925e-02  0.0000e+00
 9.2413e-02  0.0000e+00
 9.1904e-02  0.0000e+00
 9.1397e-02  0.0000e+00
 9.0893e-02  0.0000e+00
 9.0392e-02  0.0000e+00
 8.9894e-02  0.0000e+00
 8.9399e-02  0.0000e+00
 8.8906e-02  0.0000e+00
 8.8416e-02  0.0000e+00
 8.7929e-02  0.0000e+00
 8.7444e-02  0.0000e+00
 8.6963e-02  0.0000e+00
 8.6483e-02  0.0000e+00
 8.6007e-02  0.0000e+00
 8.5533e-02  0.0000e+00
 8.5061e-02  0.0000e+00
 8.4593e-02  0.0000e+00
 8.4126e-02  0.0000e+00
 8.3663e-02  0.0000e+00
 8.3202e-02  0.0000e+00
 8.2743e-02  0.0000e+00
 8.2287e-02  0.0000e+00
 8.1834e-02  0.0000e+00
 8.1383e-02  0.0000e+00
 8.0934e-02  0.0000e+00
 8.0488e-02  0.0000e+00
 8.0045e-02  0.0000e+00
 7.9604e-02  0.0000e+00
 7.9165e-02  0.0000e+00
 7.8729e-02  0.0000e+00
 7.8295e-02  0.0000e+00
 7.7863e-02  0.0000e+00
 7.7434e-02  0.0000e+00
 7.7007e-02  0.0000e+00
 7.6583e-02  0.0000e+00
 7.6161e-02  0.0000e+00
 7.5741e-02  0.0000e+00
 7.5324e-02  0.0000e+00
 7.4909e-02  0.0000e+00
 7.4496e-02  0.0000e+00
 7.4085e-02  0.0000e+00
 7.3677e-02  0.0000e+00
 7.3271e-02  0.0000e+00
 7.2867e-02  0.0000e+00
 7.2466e-02  0.0000e+00
 7.2066e-02  0.0000e+00
 7.1669e-02  0.0000e+00
 7.1274e-02  0.0000e+00
 7.0881e-02  0.0000e+00
 7.0491e-02  0.0000e+00
 7.0102e-02  0.0000e+00
 6.9716e-02  0.0000e+00
 6.9332e-02  0.0000e+00
 6.8950e-02  0.0000e+00
 6.8570e-02  0.0000e+00
 6.8192e-02  0.0000e+00
 6.7816e-02  0.0000e+00
 6.7442e-02  0.0000e+00
 6.7071e-02  0.0000e+00
 6.6701e-02  0.0000e+00
 6.6333e-02  0.0000e+00
 6.5968e-02  0.0000e+00
 6.5604e-02  0.0000e+00
 6.5243e-02  0.0000e+00
 6.4883e-02  0.0000e+00
 6.4526e-02  0.0000e+00
 6.4170e-02  0.0000e+00
 6.3816e-02  0.0000e+00
 6.3465e-02  0.0000e+00
 6.3115e-02  0.0000e+00
 6.2767e-02  0.0000e+00
 6.2421e-02  0.0000e+00
 6.2077e-02  0.0000e+00
 6.1735e-02  0.0000e+00
 6.1395e-02  0.0000e+00
 6.1057e-02  0.0000e+00
 6.0720e-02  0.0000e+00
 6.0385e-02  0.0000e+00
 6.0053e-02  0.0000e+00
 5.9722e-02  0.0000e+00
 5.9393e-02  0.0000e+00
 5.9065e-02  0.0000e+00
 5.8740e-02  0.0000e+00
 5.8416e-02  0.0000e+00
 5.8094e-02  0.0000e+00
 5.7774e-02  0.0000e+00
 5.7456e-02  0.0000e+00
 5.7139e-02  0.0000e+00
 5.6824e-02  0.0000e+00
 5.6511e-02  0.0000e+00
 5.6199e-02  0.0000e+00
 5.5890e-02  0.0000e+00
 5.5582e-02  0.0000e+00
 5.5275e-02  0.0000e+00
 5.4971e-02  0.0000e+00
 5.4668e-02  0.0000e+00
 5.4367e-02  0.0000e+00
 5.4067e-02  0.0000e+00
 5.3769e-02  0.0000e+00
 5.3473e-02  0.0000e+00
 5.3178e-02  0.0000e+00
 5.2885e-02  0.0000e+00
 5.2594e-02  0.0000e+00
 5.2304e-02  0.0000e+00
 5.2015e-02  0.0000e+00
 5.1729e-02  0.0000e+00
 5.1444e-02  0.0000e+00
 5.1160e-02  0.0000e+00
 5.0878e-02  0.0000e+00
 5.0598e-02  0.0000e+00
 5.0319e-02  0.0000e+00
 5.0042e-02  0.0000e+00
 4.9766e-02  0.0000e+00
 4.9492e-02  0.0000e+00
 4.9219e-02  0.0000e+00
 4.8948e-02  0.0000e+00
 4.8678e-02  0.0000e+00
 4.8410e-02  0.0000e+00
 4.8143e-02  0.0000e+00
 4.7878e-02  0.0000e+00
 4.7614e-02  0.0000e+00
 4.7351e-02  0.0000e+00
 4.7090e-02  0.0000e+00
 4.6831e-02  0.0000e+00
 4.6573e-02  0.0000e+00
 4.6316e-02  0.0000e+00
 4.6061e-02  0.0000e+00
 4.5807e-02  0.0000e+00
 4.5555e-02  0.0000e+00
 4.5304e-02  0.0000e+00
 4.5054e-02  0.0000e+00
 4.4806e-02  0.0000e+00
 4.4559e-02  0.0000e+00
 4.4313e-02  0.0000e+00
 4.4069e-02  0.0000e+00
 4.3826e-02  0.0000e+00
 4.3585e-02  0.0000e+00
 4.3344e-02  0.0000e+00
 4.3105e-02  0.0000e+00
 4.2868e-02  0.0000e+00
 4.2632e-02  0.0000e+00
 4.2397e-02  0.0000e+00
 4.2163e-02  0.0000e+00
 4.1931e-02  0.0000e+00
 4.1700e-02  0.0000e+00
 4.1470e-02  0.0000e+00
 4.1241e-02  0.0000e+00
 4.1014e-02  0.0000e+00
 4.0788e-02  0.0000e+00
 4.0563e-02  0.0000e+00
 4.0340e-02  0.0000e+00
 4.0117e-02  0.0000e+00
 3.9896e-02  0.0000e+00
 3.9676e-02  0.0000e+00
 3.9458e-02  0.0000e+00
 3.9240e-02  0.0000e+00
 3.9024e-02  0.0000e+00
 3.8809e-02  0.0000e+00
 3.8595e-02  0.0000e+00
 3.8382e-02  0.0000e+00
 3.8171e-02  0.0000e+00
 3.7961e-02  0.0000e+00
 3.7751e-02  0.0000e+00
 3.7543e-02  0.0000e+00
 3.7336e-02  0.0000e+00
 3.7131e-02  0.0000e+00
 3.6926e-02  0.0000e+00
 3.6722e-02  0.0000e+00
 3.6520e-02  0.0000e+00
 3.6319e-02  0.0000e+00
 3.6119e-02  0.0000e+00
 3.5920e-02  0.0000e+00
 3.5722e-02  0.0000e+00
 3.5525e-02  0.0000e+00
 3.5329e-02  0.0000e+00
 3.5134e-02  0.0000e+00
 3.4941e-02  0.0000e+00
 3.4748e-02  0.0000e+00
 3.4557e-02  0.0000e+00
 3.4366e-02  0.0000e+00
 3.4177e-02  0.0000e+00
 3.3989e-02  0.0000e+00
 3.3801e-02  0.0000e+00
 3.3615e-02  0.0000e+00
 3.3430e-02  0.0000e+00
 3.3245e-02  0.0000e+00
 3.3062e-02  0.0000e+00
 3.2880e-02  0.0000e+00
 3.2699e-02  0.0000e+00
 3.2519e-02  0.0000e+00
 3.2339e-02  0.0000e+00
 3.2161e-02  0.0000e+00
 3.1984e-02  0.0000e+00
 3.1808e-02  0.0000e+00
 3.1632e-02  0.0000e+00
 3.1458e-02  0.0000e+00
 3.1285e-02  0.0000e+00
 3.1112e-02  0.0000e+00
 3.0941e-02  0.0000e+00
 3.0770e-02  0.0000e+00
 3.0601e-02  0.0000e+00
 3.0432e-02  0.0000e+00
 3.0264e-02  0.0000e+00
 3.0098e-02  0.0000e+00
 2.9932e-02  0.0000e+00
 2.9767e-02  0.0000e+00
 2.9603e-02  0.0000e+00
 2.9440e-02  0.0000e+00
 2.9277e-02  0.0000e+00
 2.9116e-02  0.0000e+00
 2.8956e-02  0.0000e+00
 2.8796e-02  0.0000e+00
 2.8637e-02  0.0000e+00
 2.8479e-02  0.0000e+00
 2.8323e-02  0.0000e+00
 2.8166e-02  0.0000e+00
 2.8011e-02  0.0000e+00
 2.7857e-02  0.0000e+00
 2.7703e-02  0.0000e+00
 2.7551e-02  0.0000e+00
 2.7399e-02  0.0000e+00
 2.7248e-02  0.0000e+00
 2.7098e-02  0.0000e+00
 2.6948e-02  0.0000e+00
 2.6800e-02  0.0000e+00
 2.6652e-02  0.0000e+00
 2.6505e-02  0.0000e+00
 2.6359e-02  0.0000e+00
 2.6214e-02  0.0000e+00
 2.6069e-02  0.0000e+00
 2.5926e-02  0.0000e+00
 2.5783e-02  0.0000e+00
 2.5641e-02  0.0000e+00
 2.5500e-02  0.0000e+00
 2.5359e-02  0.0000e+00
 2.5219e-02  0.0000e+00
 2.5080e-02  0.0000e+00
 2.4942e-02  0.0000e+00
 2.4805e-02  0.0000e+00
 2.4668e-02  0.0000e+00
 2.4532e-02  0.0000e+00
 2.4397e-02  0.0000e+00
 2.4262e-02  0.0000e+00
 2.4129e-02  0.0000e+00
 2.3996e-02  0.0000e+00
 2.3863e-02  0.0000e+00
 2.3732e-02  0.0000e+00
 2.3601e-02  0.0000e+00
 2.3471e-02  0.0000e+00
 2.3342e-02  0.0000e+00
 2.3213e-02  0.0000e+00
 2.3085e-02  0.0000e+00
 2.2958e-02  0.0000e+00
 2.2831e-02  0.0000e+00
 2.2706e-02  0.0000e+00
 2.2580e-02  0.0000e+00
 2.2456e-02  0.0000e+00
 2.2332e-02  0.0000e+00
 2.2209e-02  0.0000e+00
 2.2087e-02  0.0000e+00
 2.1965e-02  0.0000e+00
 2.1844e-02  0.0000e+00
 2.1724e-02  0.0000e+00
 2.1604e-02  0.0000e+00
 2.1485e-02  0.0000e+00
 2.1366e-02  0.0000e+00
 2.1249e-02  0.0000e+00
 2.1132e-02  0.0000e+00
 2.1015e-02  0.0000e+00
 2.0899e-02  0.0000e+00
 2.0784e-02  0.0000e+00
 2.0670e-02  0.0000e+00
 2.0556e-02  0.0000e+00
 2.0442e-02  0.0000e+00
 2.0330e-02  0.0000e+00
 2.0218e-02  0.0000e+00
 2.0106e-02  0.0000e+00
 1.9995e-02  0.0000e+00
 1.9885e-02  0.0000e+00
 1.9776e-02  0.0000e+00
 1.9667e-02  0.0000e+00
 1.9558e-02  0.0000e+00
 1.9451e-02  0.0000e+00
 1.9343e-02  0.0000e+00
 1.9237e-02  0.0000e+00
 1.9131e-02  0.0000e+00
 1.9025e-02  0.0000e+00
 1.8920e-02  0.0000e+00
 1.8816e-02  0.0000e+00
 1.8713e-02  0.0000e+00
 1.8609e-02  0.0000e+00
 1.8507e-02  0.0000e+00
 1.8405e-02  0.0000e+00
 1.8303e-02  0.0000e+00
 1.8203e-02  0.0000e+00
 1.8102e-02  0.0000e+00
 1.8002e-02  0.0000e+00
 1.7903e-02  0.0000e+00
 1.7805e-02  0.0000e+00
 1.7706e-02  0.0000e+00
 1.7609e-02  0.0000e+00
 1.7512e-02  0.0000e+00
 1.7415e-02  0.0000e+00
 1.7319e-02  0.0000e+00
 1.7224e-02  0.0000e+00
 1.7129e-02  0.0000e+00
 1.7035e-02  0.0000e+00
 1.6941e-02  0.0000e+00
 1.6847e-02  0.0000e+00
 1.6755e-02  0.0000e+00
 1.6662e-02  0.0000e+00
 1.6570e-02  0.0000e+00
 1.6479e-02  0.0000e+00
 1.6388e-02  0.0000e+00
 1.6298e-02  0.0000e+00
 1.6208e-02  0.0000e+00
 1.6119e-02  0.0000e+00
 1.6030e-02  0.0000e+00
 1.5942e-02  0.0000e+00
 1.5854e-02  0.0000e+00
 1.5766e-02  0.0000e+00
 1.5679e-02  0.0000e+00
 1.5593e-02  0.0000e+00
 1.5507e-02  0.0000e+00
 1.5422e-02  0.0000e+00
 1.5337e-02  0.0000e+00
 1.5252e-02  0.0000e+00
 1.5168e-02  0.0000e+00
 1.5085e-02  0.0000e+00
 1.5001e-02  0.0000e+00
 1.4919e-02  0.0000e+00
 1.4837e-02  0.0000e+00
 1.4755e-02  0.0000e+00
 1.4673e-02  0.0000e+00
 1.4593e-02  0.0000e+00
 1.4512e-02  0.0000e+00
 1.4432e-02  0.0000e+00
 1.4353e-02  0.0000e+00
 1.4274e-02  0.0000e+00
 1.4195e-02  0.0000e+00
 1.4117e-02  0.0000e+00
 1.4039e-02  0.0000e+00
 1.3962e-02  0.0000e+00
 1.3885e-02  0.0000e+00
 1.3808e-02  0.0000e+00
 1.3732e-02  0.0000e+00
 1.3656e-02  0.0000e+00
 1.3581e-02  0.0000e+00
 1.3506e-02  0.0000e+00
 1.3432e-02  0.0000e+00
 1.3358e-02  0.0000e+00
 1.3284e-02  0.0000e+00
 1.3211e-02  0.0000e+00
 1.3138e-02  0.0000e+00
 1.3066e-02  0.0000e+00
 1.2994e-02  0.0000e+00
 1.2922e-02  0.0000e+00
 1.2851e-02  0.0000e+00
 1.2780e-02  0.0000e+00
 1.2710e-02  0.0000e+00
 1.2640e-02  0.0000e+00
 1.2570e-02  0.0000e+00
 1.2501e-02  0.0000e+00
 1.2432e-02  0.0000e+00
 1.2363e-02  0.0000e+00
 1.2295e-02  0.0000e+00
 1.2227e-02  0.0000e+00
 1.2160e-02  0.0000e+00
 1.2093e-02  0.0000e+00
 1.2026e-02  0.0000e+00
 1.1960e-02  0.0000e+00
 1.1894e-02  0.0000e+00
 1.1829e-02  0.0000e+00
 1.1763e-02  0.0000e+00
 1.1699e-02  0.0000e+00
 1.1634e-02  0.0000e+00
 1.1570e-02  0.0000e+00
 1.1506e-02  0.0000e+00
 1.1443e-02  0.0000e+00
 1.1380e-02  0.0000e+00
 1.1317e-02  0.0000e+00
 1.1255e-02  0.0000e+00
 1.1193e-02  0.0000e+00
 1.1131e-02  0.0000e+00
 1.1070e-02  0.0000e+00
 1.1009e-02  0.0000e+00
 1.0948e-02  0.0000e+00
 1.0888e-02  0.0000e+00
 1.0828e-02  0.0000e+00
 1.0768e-02  0.0000e+00
 1.0709e-02  0.0000e+00
 1.0650e-02  0.0000e+00
 1.0591e-02  0.0000e+00
 1.0533e-02  0.0000e+00
 1.0474e-02  0.0000e+00
 1.0417e-02  0.0000e+00
 1.0359e-02  0.0000e+00
 1.0302e-02  0.0000e+00
 1.0245e-02  0.0000e+00
 1.0189e-02  0.0000e+00
 1.0133e-02  0.0000e+00
 1.0077e-02  0.0000e+00
 1.0021e-02  0.0000e+00
 9.9663e-03  0.0000e+00
 9.9113e-03  0.0000e+00
 9.8567e-03  0.0000e+00
 9.8024e-03  0.0000e+00
 9.7484e-03  0.0000e+00
 9.6947e-03  0.0000e+00
 9.6412e-03  0.0000e+00
 9.5881e-03  0.0000e+00
 9.5353e-03  0.0000e+00
 9.4827e-03  0.0000e+00
 9.4304e-03  0.0000e+00
 9.3785e-03  0.0000e+00
 9.3268e-03  0.0000e+00
 9.2754e-03  0.0000e+00
 9.2243e-03  0.0000e+00
 9.1734e-03  0.0000e+00
 9.1229e-03  0.0000e+00
 9.0726e-03  0.0000e+00
 9.0226e-03  0.0000e+00
 8.9729e-03  0.0000e+00
 8.9234e-03  0.0000e+00
 8.8743e-03  0.0000e+00
 8.8254e-03  0.0000e+00
 8.7767e-03  0.0000e+00
 8.7284e-03  0.0000e+00
 8.6802e-03  0.0000e+00
 8.6324e-03  0.0000e+00
 8.5848e-03  0.0000e+00
 8.5375e-03  0.0000e+00
 8.4905e-03  0.0000e+00
 8.4437e-03  0.0000e+00
 8.3972e-03  0.0000e+00
 8.3509e-03  0.0000e+00
 8.3049e-03  0.0000e+00
 8.2591e-03  0.0000e+00
 8.2136e-03  0.0000e+00
 8.1683e-03  0.0000e+00
 8.1233e-03  0.0000e+00
 8.0785e-03  0.0000e+00
 8.0340e-03  0.0000e+00
 7.9897e-03  0.0000e+00
 7.9457e-03  0.0000e+00
 7.9019e-03  0.0000e+00
 7.8584e-03  0.0000e+00
 7.8151e-03  0.0000e+00
 7.7720e-03  0.0000e+00
 7.7292e-03  0.0000e+00
 7.6866e-03  0.0000e+00
 7.6442e-03  0.0000e+00
 7.6021e-03  0.0000e+00
 7.5602e-03  0.0000e+00
 7.5185e-03  0.0000e+00
 7.4771e-03  0.0000e+00
 7.4359e-03  0.0000e+00
 7.3949e-03  0.0000e+00
 7.3541e-03  0.0000e+00
 7.3136e-03  0.0000e+00
 7.2733e-03  0.0000e+00
 7.2332e-03  0.0000e+00
 7.1934e-03  0.0000e+00
 7.1537e-03  0.0000e+00
 7.1143e-03  0.0000e+00
 7.0751e-03  0.0000e+00
 7.0361e-03  0.0000e+00
 6.9973e-03  0.0000e+00
 6.9588e-03  0.0000e+00
 6.9204e-03  0.0000e+00
 6.8823e-03  0.0000e+00
 6.8443e-03  0.0000e+00
 6.8066e-03  0.0000e+00
 6.7691e-03  0.0000e+00
 6.7318e-03  0.0000e+00
 6.6947e-03  0.0000e+00
 6.6578e-03  0.0000e+00
 6.6211e-03  0.0000e+00
 6.5846e-03  0.0000e+00
 6.5484e-03  0.0000e+00
 6.5123e-03  0.0000e+00
 6.4764e-03  0.0000e+00
 6.4407e-03  0.0000e+00
 6.4052e-03  0.0000e+00
 6.3699e-03  0.0000e+00
 6.3348e-03  0.0000e+00
 6.2999e-03  0.0000e+00
 6.2652e-03  0.0000e+00
 6.2306e-03  0.0000e+00
 6.1963e-03  0.0000e+00
 6.1621e-03  0.0000e+00
 6.1282e-03  0.0000e+00
 6.0944e-03  0.0000e+00
 6.0608e-03  0.0000e+00
 6.0274e-03  0.0000e+00
 5.9942e-03  0.0000e+00
 5.9612e-03  0.0000e+00
 5.9283e-03  0.0000e+00
 5.8957e-03  0.0000e+00
 5.8632e-03  0.0000e+00
 5.8309e-03  0.0000e+00
 5.7987e-03  0.0000e+00
 5.7668e-03  0.0000e+00
 5.7350e-03  0.0000e+00
 5.7034e-03  0.0000e+00
 5.6719e-03  0.0000e+00
 5.6407e-03  0.0000e+00
 5.6096e-03  0.0000e+00
 5.5787e-03  0.0000e+00
 5.5479e-03  0.0000e+00
 5.5174e-03  0.0000e+00
 5.4870e-03  0.0000e+00
 5.4567e-03  0.0000e+00
 5.4267e-03  0.0000e+00
 5.3967e-03  0.0000e+00
 5.3670e-03  0.0000e+00
 5.3374e-03  0.0000e+00
 5.3080e-03  0.0000e+00
 5.2788e-03  0.0000e+00
 5.2497e-03  0.0000e+00
 5.2207e-03  0.0000e+00
 5.1920e-03  0.0000e+00
 5.1634e-03  0.0000e+00
 5.1349e-03  0.0000e+00
 5.1066e-03  0.0000e+00
 5.0785e-03  0.0000e+00
 5.0505e-03  0.0000e+00
 5.0226e-03  0.0000e+00
 4.9950e-03  0.0000e+00
 4.9674e-03  0.0000e+00
 4.9401e-03  0.0000e+00
 4.9128e-03  0.0000e+00
 4.8858e-03  0.0000e+00
 4.8588e-03  0.0000e+00
 4.8321e-03  0.0000e+00
 4.8054e-03  0.0000e+00
 4.7789e-03  0.0000e+00
 4.7526e-03  0.0000e+00
 4.7264e-03  0.0000e+00
 4.7004e-03  0.0000e+00
 4.6745e-03  0.0000e+00
 4.6487e-03  0.0000e+00
 4.6231e-03  0.0000e+00
 4.5976e-03  0.0000e+00
 4.5723e-03  0.0000e+00
 4.5471e-03  0.0000e+00
 4.5220e-03  0.0000e+00
 4.4971e-03  0.0000e+00
 4.4723e-03  0.0000e+00
 4.4477e-03  0.0000e+00
 4.4232e-03  0.0000e+00
 4.3988e-03  0.0000e+00
 4.3745e-03  0.0000e+00
 4.3504e-03  0.0000e+00
 4.3265e-03  0.0000e+00
 4.3026e-03  0.0000e+00
 4.2789e-03  0.0000e+00
 4.2553e-03  0.0000e+00
 4.2319e-03  0.0000e+00
 4.2085e-03  0.0000e+00
 4.1854e-03  0.0000e+00
 4.1623e-03  0.0000e+00
 4.1394e-03  0.0000e+00
 4.1165e-03  0.0000e+00
 4.0939e-03  0.0000e+00
 4.0713e-03  0.0000e+00
 4.0489e-03  0.0000e+00
 4.0265e-03  0.0000e+00
 4.0044e-03  0.0000e+00
 3.9823e-03  0.0000e+00
 3.9603e-03  0.0000e+00
 3.9385e-03  0.0000e+00
 3.9168e-03  0.0000e+00
 3.8952e-03  0.0000e+00
 3.8738e-03  0.0000e+00
 3.8524e-03  0.0000e+00
 3.8312e-03  0.0000e+00
 3.8101e-03  0.0000e+00
 3.7891e-03  0.0000e+00
 3.7682e-03  0.0000e+00
 3.7474e-03  0.0000e+00
 3.7268e-03  0.0000e+00
 3.7062e-03  0.0000e+00
 3.6858e-03  0.0000e+00
 3.6655e-03  0.0000e+00
 3.6453e-03  0.0000e+00
 3.6252e-03  0.0000e+00
 3.6052e-03  0.0000e+00
 3.5854e-03  0.0000e+00
 3.5656e-03  0.0000e+00
 3.5459e-03  0.0000e+00
 3.5264e-03  0.0000e+00
 3.5070e-03  0.0000e+00
 3.4876e-03  0.0000e+00
 3.4684e-03  0.0000e+00
 3.4493e-03  0.0000e+00
 3.4303e-03  0.0000e+00
 3.4114e-03  0.0000e+00
 3.3926e-03  0.0000e+00
 3.3739e-03  0.0000e+00
 3.3553e-03  0.0000e+00
 3.3368e-03  0.0000e+00
 3.3184e-03  0.0000e+00
 3.3001e-03  0.0000e+00
 3.2820e-03  0.0000e+00
 3.2639e-03  0.0000e+00
 3.2459e-03  0.0000e+00
 3.2280e-03  0.0000e+00
 3.2102e-03  0.0000e+00
 3.1925e-03  0.0000e+00
 3.1749e-03  0.0000e+00
 3.1574e-03  0.0000e+00
 3.1400e-03  0.0000e+00
 3.1227e-03  0.0000e+00
 3.1055e-03  0.0000e+00
 3.0884e-03  0.0000e+00
 3.0714e-03  0.0000e+00
 3.0544e-03  0.0000e+00
 3.0376e-03  0.0000e+00
 3.0209e-03  0.0000e+00
 3.0042e-03  0.0000e+00
 2.9877e-03  0.0000e+00
 2.9712e-03  0.0000e+00
 2.9548e-03  0.0000e+00
 2.9385e-03  0.0000e+00
 2.9223e-03  0.0000e+00
 2.9062e-03  0.0000e+00
 2.8902e-03  0.0000e+00
 2.8743e-03  0.0000e+00
 2.8585e-03  0.0000e+00
 2.8427e-03  0.0000e+00
 2.8270e-03  0.0000e+00
 2.8115e-03  0.0000e+00
 2.7960e-03  0.0000e+00
 2.7806e-03  0.0000e+00
 2.7652e-03  0.0000e+00
 2.7500e-03  0.0000e+00
 2.7348e-03  0.0000e+00
 2.7198e-03  0.0000e+00
 2.7048e-03  0.0000e+00
 2.6899e-03  0.0000e+00
 2.6751e-03  0.0000e+00
 2.6603e-03  0.0000e+00
 2.6456e-03  0.0000e+00
 2.6311e-03  0.0000e+00
 2.6166e-03  0.0000e+00
 2.6021e-03  0.0000e+00
 2.5878e-03  0.0000e+00
 2.5735e-03  0.0000e+00
 2.5594e-03  0.0000e+00
 2.5453e-03  0.0000e+00
 2.5312e-03  0.0000e+00
 2.5173e-03  0.0000e+00
 2.5034e-03  0.0000e+00
 2.4896e-03  0.0000e+00
 2.4759e-03  0.0000e+00
 2.4623e-03  0.0000e+00
 2.4487e-03  0.0000e+00
 2.4352e-03  0.0000e+00
 2.4218e-03  0.0000e+00
 2.4084e-03  0.0000e+00
 2.3951e-03  0.0000e+00
 2.3819e-03  0.0000e+00
 2.3688e-03  0.0000e+00
 2.3558e-03  0.0000e+00
 2.3428e-03  0.0000e+00
 2.3299e-03  0.0000e+00
 2.3170e-03  0.0000e+00
 2.3043e-03  0.0000e+00
 2.2916e-03  0.0000e+00
 2.2789e-03  0.0000e+00
 2.2664e-03  0.0000e+00
 2.2539e-03  0.0000e+00
 2.2415e-03  0.0000e+00
 2.2291e-03  0.0000e+00
 2.2168e-03  0.0000e+00
 2.2046e-03  0.0000e+00
 2.1925e-03  0.0000e+00
 2.1804e-03  0.0000e+00
 2.1684e-03  0.0000e+00
 2.1564e-03  0.0000e+00
 2.1445e-03  0.0000e+00
 2.1327e-03  0.0000e+00
 2.1210e-03  0.0000e+00
 2.1093e-03  0.0000e+00
 2.0976e-03  0.0000e+00
 2.0861e-03  0.0000e+00
 2.0746e-03  0.0000e+00
 2.0632e-03  0.0000e+00
 2.0518e-03  0.0000e+00
 2.0405e-03  0.0000e+00
 2.0292e-03  0.0000e+00
 2.0181e-03  0.0000e+00
 2.0069e-03  0.0000e+00
 1.9959e-03  0.0000e+00
 1.9849e-03  0.0000e+00
 1.9739e-03  0.0000e+00
 1.9631e-03  0.0000e+00
 1.9522e-03  0.0000e+00
 1.9415e-03  0.0000e+00
 1.9308e-03  0.0000e+00
 1.9201e-03  0.0000e+00
 1.9096e-03  0.0000e+00
 1.8990e-03  0.0000e+00
 1.8886e-03  0.0000e+00
 1.8782e-03  0.0000e+00
 1.8678e-03  0.0000e+00
 1.8575e-03  0.0000e+00
