 9.9724e+02  8.1322e-17
 9.9174e+02  8.3277e-17
 9.8628e+02  8.5285e-17
 9.8084e+02  8.7342e-17
 9.7544e+02  8.9448e-17
 9.7006e+02  9.1606e-17
 9.6472e+02  9.3818e-17
 9.5940e+02  9.6086e-17
 9.5411e+02  9.8406e-17
 9.4886e+02  1.0076e-16
 9.4363e+02  1.0319e-16
 9.3843e+02  1.0570e-16
 9.3325e+02  1.0825e-16
 9.2811e+02  1.1084e-16
 9.2300e+02  1.1349e-16
 9.1791e+02  1.1621e-16
 9.1285e+02  1.1901e-16
 9.0782e+02  1.2187e-16
 9.0282e+02  1.2479e-16
 8.9784e+02  1.2781e-16
 8.9289e+02  1.3089e-16
 8.8797e+02  1.3403e-16
 8.8308e+02  1.3723e-16
 8.7821e+02  1.4051e-16
 8.7337e+02  1.4389e-16
 8.6856e+02  1.4734e-16
 8.6377e+02  1.5086e-16
 8.5901e+02  1.5447e-16
 8.5428e+02  1.5817e-16
 8.4957e+02  1.6193e-16
 8.4489e+02  1.6579e-16
 8.4023e+02  1.6978e-16
 8.3560e+02  1.7384e-16
 8.3100e+02  1.7798e-16
 8.2642e+02  1.8220e-16
 8.2186e+02  1.8654e-16
 8.1733e+02  1.9101e-16
 8.1283e+02  1.9556e-16
 8.0835e+02  2.0021e-16
 8.0390e+02  2.0499e-16
 7.9947e+02  2.0985e-16
 7.9506e+02  2.1481e-16
 7.9068e+02  2.1990e-16
 7.8632e+02  2.2513e-16
 7.8199e+02  2.3049e-16
 7.7768e+02  2.3598e-16
 7.7339e+02  2.4161e-16
 7.6913e+02  2.4735e-16
 7.6489e+02  2.5321e-16
 7.6068e+02  2.5920e-16
 7.5648e+02  2.6532e-16
 7.5232e+02  2.7159e-16
 7.4817e+02  2.7802e-16
 7.4405e+02  2.8461e-16
 7.3995e+02  2.9138e-16
 7.3587e+02  2.9829e-16
 7.3181e+02  3.0534e-16
 7.2778e+02  3.1258e-16
 7.2377e+02  3.2001e-16
 7.1978e+02  3.2765e-16
 7.1581e+02  3.3544e-16
 7.1187e+02  3.4336e-16
 7.0795e+02  3.5153e-16
 7.0404e+02  3.5988e-16
 7.0016e+02  3.6834e-16
 6.9631e+02  3.7705e-16
 6.9247e+02  3.8603e-16
 6.8865e+02  3.9520e-16
 6.8486e+02  4.0458e-16
 6.8108e+02  4.1416e-16
 6.7733e+02  4.2395e-16
 6.7360e+02  4.3396e-16
 6.6988e+02  4.4420e-16
 6.6619e+02  4.5469e-16
 6.6252e+02  4.6548e-16
 6.5887e+02  4.7648e-16
 6.5524e+02  4.8771e-16
 6.5163e+02  4.9924e-16
 6.4804e+02  5.1106e-16
 6.4447e+02  5.2321e-16
 6.4091e+02  5.3566e-16
 6.3738e+02  5.4839e-16
 6.3387e+02  5.6143e-16
 6.3038e+02  5.7478e-16
 6.2690e+02  5.8840e-16
 6.2345e+02  6.0228e-16
 6.2001e+02  6.1646e-16
 6.1659e+02  6.3120e-16
 6.1320e+02  6.4628e-16
 6.0982e+02  6.6140e-16
 6.0646e+02  6.7708e-16
 6.0311e+02  6.9333e-16
 5.9979e+02  7.0967e-16
 5.9649e+02  7.2637e-16
 5.9320e+02  7.4373e-16
 5.8993e+02  7.6135e-16
 5.8668e+02  7.7923e-16
 5.8345e+02  7.9785e-16
 5.8023e+02  8.1691e-16
 5.7703e+02  8.3606e-16
 5.7385e+02  8.5588e-16
 5.7069e+02  8.7639e-16
 5.6754e+02  8.9700e-16
 5.6442e+02  9.1810e-16
 5.6131e+02  9.4019e-16
 5.5821e+02  9.6253e-16
 5.5514e+02  9.8511e-16
 5.5208e+02  1.0083e-15
 5.4903e+02  1.0322e-15
 5.4601e+02  1.0568e-15
 5.4300e+02  1.0819e-15
 5.4001e+02  1.1076e-15
 5.3703e+02  1.1340e-15
 5.3407e+02  1.1610e-15
 5.3113e+02  1.1886e-15
 5.2820e+02  1.2166e-15
 5.2529e+02  1.2453e-15
 5.2240e+02  1.2748e-15
 5.1952e+02  1.3050e-15
 5.1665e+02  1.3358e-15
 5.1381e+02  1.3674e-15
 5.1098e+02  1.3999e-15
 5.0816e+02  1.4330e-15
 5.0536e+02  1.4669e-15
 5.0257e+02  1.5018e-15
 4.9980e+02  1.5374e-15
 4.9705e+02  1.5737e-15
 4.9431e+02  1.6108e-15
 4.9159e+02  1.6487e-15
 4.8888e+02  1.6877e-15
 4.8618e+02  1.7279e-15
 4.8350e+02  1.7693e-15
 4.8084e+02  1.8108e-15
 4.7819e+02  1.8533e-15
 4.7555e+02  1.8969e-15
 4.7293e+02  1.9419e-15
 4.7033e+02  1.9882e-15
 4.6774e+02  2.0352e-15
 4.6516e+02  2.0833e-15
 4.6259e+02  2.1323e-15
 4.6004e+02  2.1826e-15
 4.5751e+02  2.2344e-15
 4.5499e+02  2.2871e-15
 4.5248e+02  2.3408e-15
 4.4999e+02  2.3956e-15
 4.4751e+02  2.4519e-15
 4.4504e+02  2.5099e-15
 4.4259e+02  2.5697e-15
 4.4015e+02  2.6308e-15
 4.3772e+02  2.6921e-15
 4.3531e+02  2.7551e-15
 4.3291e+02  2.8200e-15
 4.3053e+02  2.8860e-15
 4.2815e+02  2.9536e-15
 4.2579e+02  3.0235e-15
 4.2345e+02  3.0948e-15
 4.2111e+02  3.1674e-15
 4.1879e+02  3.2425e-15
 4.1649e+02  3.3191e-15
 4.1419e+02  3.3959e-15
 4.1191e+02  3.4756e-15
 4.0964e+02  3.5587e-15
 4.0738e+02  3.6420e-15
 4.0514e+02  3.7269e-15
 4.0290e+02  3.8147e-15
 4.0068e+02  3.9041e-15
 3.9847e+02  3.9954e-15
 3.9628e+02  4.0898e-15
 3.9409e+02  4.1862e-15
 3.9192e+02  4.2826e-15
 3.8976e+02  4.3829e-15
 3.8761e+02  4.4872e-15
 3.8548e+02  4.5921e-15
 3.8335e+02  4.6991e-15
 3.8124e+02  4.8091e-15
 3.7914e+02  4.9214e-15
 3.7705e+02  5.0361e-15
 3.7497e+02  5.1550e-15
 3.7291e+02  5.2762e-15
 3.7085e+02  5.3972e-15
 3.6881e+02  5.5218e-15
 3.6678e+02  5.6505e-15
 3.6475e+02  5.7838e-15
 3.6274e+02  5.9196e-15
 3.6074e+02  6.0553e-15
 3.5876e+02  6.1965e-15
 3.5678e+02  6.3437e-15
 3.5481e+02  6.4912e-15
 3.5286e+02  6.6408e-15
 3.5091e+02  6.7924e-15
 3.4898e+02  6.9490e-15
 3.4706e+02  7.1110e-15
 3.4514e+02  7.2785e-15
 3.4324e+02  7.4494e-15
 3.4135e+02  7.6206e-15
 3.3947e+02  7.7965e-15
 3.3760e+02  7.9775e-15
 3.3574e+02  8.1620e-15
 3.3389e+02  8.3501e-15
 3.3205e+02  8.5409e-15
 3.3022e+02  8.7381e-15
 3.2840e+02  8.9419e-15
 3.2659e+02  9.1486e-15
 3.2479e+02  9.3592e-15
 3.2300e+02  9.5739e-15
 3.2122e+02  9.7953e-15
 3.1945e+02  1.0023e-14
 3.1769e+02  1.0250e-14
 3.1594e+02  1.0481e-14
 3.1420e+02  1.0722e-14
 3.1246e+02  1.0971e-14
 3.1074e+02  1.1226e-14
 3.0903e+02  1.1481e-14
 3.0733e+02  1.1741e-14
 3.0563e+02  1.2010e-14
 3.0395e+02  1.2285e-14
 3.0227e+02  1.2564e-14
 3.0061e+02  1.2849e-14
 2.9895e+02  1.3141e-14
 2.9730e+02  1.3443e-14
 2.9567e+02  1.3751e-14
 2.9404e+02  1.4065e-14
 2.9242e+02  1.4383e-14
 2.9080e+02  1.4708e-14
 2.8920e+02  1.5038e-14
 2.8761e+02  1.5379e-14
 2.8602e+02  1.5731e-14
 2.8445e+02  1.6080e-14
 2.8288e+02  1.6436e-14
 2.8132e+02  1.6805e-14
 2.7977e+02  1.7188e-14
 2.7823e+02  1.7583e-14
 2.7669e+02  1.7975e-14
 2.7517e+02  1.8374e-14
 2.7365e+02  1.8790e-14
 2.7214e+02  1.9213e-14
 2.7064e+02  1.9644e-14
 2.6915e+02  2.0082e-14
 2.6767e+02  2.0531e-14
 2.6620e+02  2.0999e-14
 2.6473e+02  2.1469e-14
 2.6327e+02  2.1939e-14
 2.6182e+02  2.2428e-14
 2.6038e+02  2.2930e-14
 2.5894e+02  2.3440e-14
 2.5751e+02  2.3965e-14
 2.5609e+02  2.4506e-14
 2.5468e+02  2.5040e-14
 2.5328e+02  2.5584e-14
 2.5188e+02  2.6147e-14
 2.5050e+02  2.6716e-14
 2.4912e+02  2.7290e-14
 2.4774e+02  2.7866e-14
 2.4638e+02  2.8448e-14
 2.4502e+02  2.9036e-14
 2.4367e+02  2.9640e-14
 2.4233e+02  3.0261e-14
 2.4099e+02  3.0889e-14
 2.3966e+02  3.1524e-14
 2.3834e+02  3.2161e-14
 2.3703e+02  3.2807e-14
 2.3572e+02  3.3462e-14
 2.3442e+02  3.4124e-14
 2.3313e+02  3.4800e-14
 2.3185e+02  3.5503e-14
 2.3057e+02  3.6217e-14
 2.2930e+02  3.6943e-14
 2.2803e+02  3.7676e-14
 2.2678e+02  3.8421e-14
 2.2553e+02  3.9176e-14
 2.2428e+02  3.9940e-14
 2.2305e+02  4.0713e-14
 2.2182e+02  4.1519e-14
 2.2060e+02  4.2346e-14
 2.1938e+02  4.3181e-14
 2.1817e+02  4.4028e-14
 2.1697e+02  4.4886e-14
 2.1577e+02  4.5754e-14
 2.1459e+02  4.6635e-14
 2.1340e+02  4.7525e-14
 2.1223e+02  4.8442e-14
 2.1106e+02  4.9387e-14
 2.0989e+02  5.0319e-14
 2.0874e+02  5.1265e-14
 2.0759e+02  5.2247e-14
 2.0644e+02  5.3243e-14
 2.0531e+02  5.4249e-14
 2.0417e+02  5.5269e-14
 2.0305e+02  5.6311e-14
 2.0193e+02  5.7395e-14
 2.0082e+02  5.8475e-14
 1.9971e+02  5.9551e-14
 1.9861e+02  6.0666e-14
 1.9751e+02  6.1807e-14
 1.9643e+02  6.2962e-14
 1.9534e+02  6.4131e-14
 1.9427e+02  6.5314e-14
 1.9320e+02  6.6507e-14
 1.9213e+02  6.7717e-14
 1.9107e+02  6.8942e-14
 1.9002e+02  7.0205e-14
 1.8897e+02  7.1512e-14
 1.8793e+02  7.2836e-14
 1.8690e+02  7.4175e-14
 1.8587e+02  7.5520e-14
 1.8484e+02  7.6889e-14
 1.8382e+02  7.8282e-14
 1.8281e+02  7.9676e-14
 1.8180e+02  8.1088e-14
 1.8080e+02  8.2526e-14
 1.7980e+02  8.3975e-14
 1.7881e+02  8.5436e-14
 1.7783e+02  8.6967e-14
 1.7685e+02  8.8538e-14
 1.7587e+02  9.0126e-14
 1.7490e+02  9.1727e-14
 1.7394e+02  9.3342e-14
 1.7298e+02  9.4979e-14
 1.7203e+02  9.6641e-14
 1.7108e+02  9.8323e-14
 1.7014e+02  1.0002e-13
 1.6920e+02  1.0174e-13
 1.6827e+02  1.0353e-13
 1.6734e+02  1.0538e-13
 1.6642e+02  1.0725e-13
 1.6550e+02  1.0909e-13
 1.6459e+02  1.1092e-13
 1.6368e+02  1.1284e-13
 1.6278e+02  1.1481e-13
 1.6188e+02  1.1678e-13
 1.6099e+02  1.1883e-13
 1.6010e+02  1.2096e-13
 1.5922e+02  1.2305e-13
 1.5834e+02  1.2515e-13
 1.5747e+02  1.2728e-13
 1.5660e+02  1.2948e-13
 1.5574e+02  1.3176e-13
 1.5488e+02  1.3409e-13
 1.5403e+02  1.3645e-13
 1.5318e+02  1.3884e-13
 1.5234e+02  1.4126e-13
 1.5150e+02  1.4373e-13
 1.5066e+02  1.4623e-13
 1.4983e+02  1.4876e-13
 1.4900e+02  1.5132e-13
 1.4818e+02  1.5391e-13
 1.4737e+02  1.5654e-13
 1.4655e+02  1.5928e-13
 1.4575e+02  1.6205e-13
 1.4494e+02  1.6473e-13
 1.4415e+02  1.6746e-13
 1.4335e+02  1.7025e-13
 1.4256e+02  1.7300e-13
 1.4178e+02  1.7574e-13
 1.4099e+02  1.7840e-13
 1.4022e+02  1.8101e-13
 1.3944e+02  1.8358e-13
 1.3868e+02  1.8604e-13
 1.3791e+02  1.8846e-13
 1.3715e+02  1.9087e-13
 1.3640e+02  1.9315e-13
 1.3564e+02  1.9533e-13
 1.3490e+02  1.9750e-13
 1.3415e+02  1.9966e-13
 1.3341e+02  2.0174e-13
 1.3268e+02  2.0384e-13
 1.3195e+02  2.0599e-13
 1.3122e+02  2.0816e-13
 1.3050e+02  2.1034e-13
 1.2978e+02  2.1251e-13
 1.2906e+02  2.1470e-13
 1.2835e+02  2.1691e-13
 1.2764e+02  2.1924e-13
 1.2694e+02  2.2160e-13
 1.2624e+02  2.2391e-13
 1.2555e+02  2.2623e-13
 1.2485e+02  2.2857e-13
 1.2417e+02  2.3105e-13
 1.2348e+02  2.3359e-13
 1.2280e+02  2.3612e-13
 1.2212e+02  2.3862e-13
 1.2145e+02  2.4111e-13
 1.2078e+02  2.4370e-13
 1.2012e+02  2.4634e-13
 1.1945e+02  2.4900e-13
 1.1880e+02  2.5168e-13
 1.1814e+02  2.5437e-13
 1.1749e+02  2.5708e-13
 1.1684e+02  2.5983e-13
 1.1620e+02  2.6267e-13
 1.1556e+02  2.6547e-13
 1.1492e+02  2.6825e-13
 1.1429e+02  2.7113e-13
 1.1366e+02  2.7402e-13
 1.1303e+02  2.7679e-13
 1.1241e+02  2.7967e-13
 1.1179e+02  2.8267e-13
 1.1117e+02  2.8566e-13
 1.1056e+02  2.8862e-13
 1.0995e+02  2.9146e-13
 1.0935e+02  2.9438e-13
 1.0874e+02  2.9740e-13
 1.0814e+02  3.0041e-13
 1.0755e+02  3.0345e-13
 1.0695e+02  3.0662e-13
 1.0637e+02  3.0974e-13
 1.0578e+02  3.1280e-13
 1.0520e+02  3.1581e-13
 1.0462e+02  3.1886e-13
 1.0404e+02  3.2205e-13
 1.0347e+02  3.2514e-13
 1.0290e+02  3.2816e-13
 1.0233e+02  3.3128e-13
 1.0177e+02  3.3441e-13
 1.0120e+02  3.3740e-13
 1.0065e+02  3.4047e-13
 1.0009e+02  3.4361e-13
 9.9541e+01  3.4669e-13
 9.8992e+01  3.4977e-13
 9.8446e+01  3.5283e-13
 9.7904e+01  3.5589e-13
 9.7364e+01  3.5894e-13
 9.6828e+01  3.6201e-13
 9.6294e+01  3.6509e-13
 9.5763e+01  3.6811e-13
 9.5236e+01  3.7114e-13
 9.4711e+01  3.7417e-13
 9.4189e+01  3.7718e-13
 9.3670e+01  3.8019e-13
 9.3154e+01  3.8317e-13
 9.2640e+01  3.8612e-13
 9.2130e+01  3.8906e-13
 9.1622e+01  3.9199e-13
 9.1117e+01  3.9491e-13
 9.0615e+01  3.9778e-13
 9.0116e+01  4.0065e-13
 8.9619e+01  4.0352e-13
 8.9125e+01  4.0635e-13
 8.8634e+01  4.0916e-13
 8.8145e+01  4.1197e-13
 8.7660e+01  4.1475e-13
 8.7177e+01  4.1751e-13
 8.6696e+01  4.2024e-13
 8.6218e+01  4.2297e-13
 8.5743e+01  4.2568e-13
 8.5271e+01  4.2832e-13
 8.4801e+01  4.3090e-13
 8.4333e+01  4.3351e-13
 8.3869e+01  4.3610e-13
 8.3407e+01  4.3862e-13
 8.2947e+01  4.4111e-13
 8.2490e+01  4.4360e-13
 8.2035e+01  4.4604e-13
 8.1583e+01  4.4847e-13
 8.1133e+01  4.5085e-13
 8.0686e+01  4.5320e-13
 8.0242e+01  4.5551e-13
 7.9799e+01  4.5778e-13
 7.9360e+01  4.6002e-13
 7.8922e+01  4.6222e-13
 7.8487e+01  4.6435e-13
 7.8055e+01  4.6640e-13
 7.7625e+01  4.6847e-13
 7.7197e+01  4.7052e-13
 7.6771e+01  4.7248e-13
 7.6348e+01  4.7441e-13
 7.5928e+01  4.7632e-13
 7.5509e+01  4.7814e-13
 7.5093e+01  4.7992e-13
 7.4679e+01  4.8168e-13
 7.4268e+01  4.8335e-13
 7.3858e+01  4.8493e-13
 7.3451e+01  4.8651e-13
 7.3047e+01  4.8804e-13
 7.2644e+01  4.8945e-13
 7.2244e+01  4.9085e-13
 7.1846e+01  4.9224e-13
 7.1450e+01  4.9355e-13
 7.1056e+01  4.9483e-13
 7.0664e+01  4.9603e-13
 7.0275e+01  4.9723e-13
 6.9888e+01  4.9842e-13
 6.9502e+01  4.9951e-13
 6.9119e+01  5.0055e-13
 6.8738e+01  5.0148e-13
 6.8360e+01  5.0235e-13
 6.7983e+01  5.0318e-13
 6.7608e+01  5.0390e-13
 6.7236e+01  5.0459e-13
 6.6865e+01  5.0530e-13
 6.6497e+01  5.0594e-13
 6.6130e+01  5.0652e-13
 6.5766e+01  5.0701e-13
 6.5403e+01  5.0745e-13
 6.5043e+01  5.0787e-13
 6.4684e+01  5.0821e-13
 6.4328e+01  5.0848e-13
 6.3973e+01  5.0866e-13
 6.3621e+01  5.0881e-13
 6.3270e+01  5.0890e-13
 6.2922e+01  5.0894e-13
 6.2575e+01  5.0893e-13
 6.2230e+01  5.0890e-13
 6.1887e+01  5.0883e-13
 6.1546e+01  5.0868e-13
 6.1207e+01  5.0847e-13
 6.0870e+01  5.0821e-13
 6.0534e+01  5.0788e-13
 6.0200e+01  5.0750e-13
 5.9869e+01  5.0706e-13
 5.9539e+01  5.0656e-13
 5.9211e+01  5.0601e-13
 5.8884e+01  5.0540e-13
 5.8560e+01  5.0475e-13
 5.8237e+01  5.0402e-13
 5.7916e+01  5.0326e-13
 5.7597e+01  5.0246e-13
 5.7280e+01  5.0154e-13
 5.6964e+01  5.0058e-13
 5.6650e+01  4.9972e-13
 5.6338e+01  4.9861e-13
 5.6027e+01  4.9757e-13
 5.5719e+01  4.9649e-13
 5.5412e+01  4.9538e-13
 5.5106e+01  4.9418e-13
 5.4802e+01  4.9293e-13
 5.4500e+01  4.9164e-13
 5.4200e+01  4.9031e-13
 5.3901e+01  4.8895e-13
 5.3604e+01  4.8749e-13
 5.3309e+01  4.8603e-13
 5.3015e+01  4.8462e-13
 5.2723e+01  4.8304e-13
 5.2432e+01  4.8147e-13
 5.2143e+01  4.7981e-13
 5.1856e+01  4.7816e-13
 5.1570e+01  4.7654e-13
 5.1286e+01  4.7476e-13
 5.1004e+01  4.7294e-13
 5.0722e+01  4.7114e-13
 5.0443e+01  4.6926e-13
 5.0165e+01  4.6731e-13
 4.9888e+01  4.6539e-13
 4.9614e+01  4.6348e-13
 4.9340e+01  4.6149e-13
 4.9068e+01  4.5945e-13
 4.8798e+01  4.5745e-13
 4.8529e+01  4.5538e-13
 4.8261e+01  4.5306e-13
 4.7995e+01  4.5094e-13
 4.7731e+01  4.4877e-13
 4.7468e+01  4.4654e-13
 4.7206e+01  4.4421e-13
 4.6946e+01  4.4187e-13
 4.6687e+01  4.3957e-13
 4.6430e+01  4.3724e-13
 4.6174e+01  4.3486e-13
 4.5920e+01  4.3243e-13
 4.5667e+01  4.2998e-13
 4.5415e+01  4.2749e-13
 4.5165e+01  4.2502e-13
 4.4916e+01  4.2257e-13
 4.4668e+01  4.2002e-13
 4.4422e+01  4.1740e-13
 4.4177e+01  4.1465e-13
 4.3934e+01  4.1196e-13
 4.3692e+01  4.0934e-13
 4.3451e+01  4.0663e-13
 4.3212e+01  4.0389e-13
 4.2973e+01  4.0110e-13
 4.2737e+01  3.9826e-13
 4.2501e+01  3.9539e-13
 4.2267e+01  3.9246e-13
 4.2034e+01  3.8950e-13
 4.1802e+01  3.8642e-13
 4.1572e+01  3.8349e-13
 4.1343e+01  3.8043e-13
 4.1115e+01  3.7722e-13
 4.0888e+01  3.7399e-13
 4.0663e+01  3.7085e-13
 4.0439e+01  3.6763e-13
 4.0216e+01  3.6431e-13
 3.9994e+01  3.6097e-13
 3.9774e+01  3.5761e-13
 3.9555e+01  3.5407e-13
 3.9337e+01  3.5059e-13
 3.9120e+01  3.4716e-13
 3.8905e+01  3.4351e-13
 3.8690e+01  3.3982e-13
 3.8477e+01  3.3619e-13
 3.8265e+01  3.3245e-13
 3.8054e+01  3.2861e-13
 3.7844e+01  3.2474e-13
 3.7636e+01  3.2084e-13
 3.7428e+01  3.1678e-13
 3.7222e+01  3.1278e-13
 3.7017e+01  3.0884e-13
 3.6813e+01  3.0474e-13
 3.6610e+01  3.0057e-13
 3.6408e+01  2.9623e-13
 3.6208e+01  2.9195e-13
 3.6008e+01  2.8772e-13
 3.5810e+01  2.8322e-13
 3.5612e+01  2.7869e-13
 3.5416e+01  2.7426e-13
 3.5221e+01  2.6983e-13
 3.5027e+01  2.6540e-13
 3.4834e+01  2.6079e-13
 3.4642e+01  2.5613e-13
 3.4451e+01  2.5133e-13
 3.4261e+01  2.4662e-13
 3.4072e+01  2.4200e-13
 3.3884e+01  2.3724e-13
 3.3698e+01  2.3249e-13
 3.3512e+01  2.2775e-13
 3.3327e+01  2.2304e-13
 3.3144e+01  2.1835e-13
 3.2961e+01  2.1355e-13
 3.2779e+01  2.0876e-13
 3.2599e+01  2.0401e-13
 3.2419e+01  1.9929e-13
 3.2240e+01  1.9464e-13
 3.2063e+01  1.8989e-13
 3.1886e+01  1.8524e-13
 3.1710e+01  1.8079e-13
 3.1536e+01  1.7637e-13
 3.1362e+01  1.7186e-13
 3.1189e+01  1.6730e-13
 3.1017e+01  1.6285e-13
 3.0846e+01  1.5867e-13
 3.0676e+01  1.5443e-13
 3.0507e+01  1.5047e-13
 3.0339e+01  1.4614e-13
 3.0172e+01  1.4217e-13
 3.0005e+01  1.3828e-13
 2.9840e+01  1.3443e-13
 2.9676e+01  1.3061e-13
 2.9512e+01  1.2690e-13
 2.9349e+01  1.2331e-13
 2.9188e+01  1.1985e-13
 2.9027e+01  1.1649e-13
 2.8867e+01  1.1324e-13
 2.8708e+01  1.1000e-13
 2.8550e+01  1.0688e-13
 2.8392e+01  1.0397e-13
 2.8236e+01  1.0111e-13
 2.8080e+01  9.8302e-14
 2.7925e+01  9.5504e-14
 2.7772e+01  9.2822e-14
 2.7618e+01  9.0338e-14
 2.7466e+01  8.7904e-14
 2.7315e+01  8.5511e-14
 2.7164e+01  8.3226e-14
 2.7015e+01  8.1298e-14
 2.6866e+01  7.8974e-14
 2.6718e+01  7.6937e-14
 2.6571e+01  7.4943e-14
 2.6424e+01  7.3121e-14
 2.6278e+01  7.1384e-14
 2.6134e+01  6.9656e-14
 2.5990e+01  6.8013e-14
 2.5846e+01  6.6450e-14
 2.5704e+01  6.4909e-14
 2.5562e+01  6.3445e-14
 2.5421e+01  6.2108e-14
 2.5281e+01  6.0808e-14
 2.5142e+01  5.9540e-14
 2.5003e+01  5.8334e-14
 2.4866e+01  5.7191e-14
 2.4729e+01  5.6117e-14
 2.4592e+01  5.5101e-14
 2.4457e+01  5.4139e-14
 2.4322e+01  5.3197e-14
 2.4188e+01  5.2294e-14
 2.4055e+01  5.1436e-14
 2.3922e+01  5.0621e-14
 2.3790e+01  4.9848e-14
 2.3659e+01  4.9122e-14
 2.3529e+01  4.8437e-14
 2.3399e+01  4.7799e-14
 2.3270e+01  4.7184e-14
 2.3142e+01  4.6591e-14
 2.3014e+01  4.6021e-14
 2.2888e+01  4.5480e-14
 2.2761e+01  4.4975e-14
 2.2636e+01  4.4500e-14
 2.2511e+01  4.4055e-14
 2.2387e+01  4.3632e-14
 2.2264e+01  4.3228e-14
 2.2141e+01  4.2836e-14
 2.2019e+01  4.2471e-14
 2.1898e+01  4.2132e-14
 2.1777e+01  4.1821e-14
 2.1657e+01  4.1534e-14
 2.1538e+01  4.1273e-14
 2.1419e+01  4.1028e-14
 2.1301e+01  4.0797e-14
 2.1184e+01  4.0565e-14
 2.1067e+01  4.0350e-14
 2.0951e+01  4.0165e-14
 2.0835e+01  3.9990e-14
 2.0720e+01  3.9825e-14
 2.0606e+01  3.9684e-14
 2.0493e+01  3.9558e-14
 2.0380e+01  3.9448e-14
 2.0267e+01  3.9329e-14
 2.0156e+01  3.9210e-14
 2.0045e+01  3.9127e-14
 1.9934e+01  3.9063e-14
 1.9824e+01  3.9016e-14
 1.9715e+01  3.9000e-14
 1.9606e+01  3.9020e-14
 1.9498e+01  3.9115e-14
 1.9391e+01  3.9284e-14
 1.9284e+01  3.9603e-14
 1.9178e+01  4.0232e-14
 1.9072e+01  4.1179e-14
 1.8967e+01  4.2037e-14
 1.8863e+01  4.2450e-14
 1.8759e+01  4.1497e-14
 1.8655e+01  4.0883e-14
 1.8552e+01  4.0685e-14
 1.8450e+01  4.1035e-14
 1.8348e+01  4.1174e-14
 1.8247e+01  4.1744e-14
 1.8147e+01  4.2607e-14
 1.8047e+01  4.3770e-14
 1.7947e+01  4.5416e-14
 1.7848e+01  4.7013e-14
 1.7750e+01  4.7648e-14
 1.7652e+01  4.8902e-14
 1.7555e+01  5.1174e-14
 1.7458e+01  5.4955e-14
 1.7362e+01  5.8455e-14
 1.7266e+01  5.8595e-14
 1.7171e+01  5.8862e-14
 1.7077e+01  5.9424e-14
 1.6982e+01  5.9228e-14
 1.6889e+01  5.8656e-14
 1.6796e+01  5.7857e-14
 1.6703e+01  5.7479e-14
 1.6611e+01  5.8728e-14
 1.6520e+01  6.3344e-14
 1.6429e+01  6.5964e-14
 1.6338e+01  5.7946e-14
 1.6248e+01  5.1876e-14
 1.6158e+01  4.8538e-14
 1.6069e+01  4.6888e-14
 1.5981e+01  4.5952e-14
 1.5893e+01  4.5406e-14
 1.5805e+01  4.4813e-14
 1.5718e+01  4.4170e-14
 1.5631e+01  4.3733e-14
 1.5545e+01  4.3413e-14
 1.5460e+01  4.3228e-14
 1.5374e+01  4.3110e-14
 1.5290e+01  4.3047e-14
 1.5205e+01  4.3037e-14
 1.5122e+01  4.3056e-14
 1.5038e+01  4.3117e-14
 1.4955e+01  4.3228e-14
 1.4873e+01  4.3389e-14
 1.4791e+01  4.3636e-14
 1.4710e+01  4.3953e-14
 1.4629e+01  4.4432e-14
 1.4548e+01  4.5138e-14
 1.4468e+01  4.6086e-14
 1.4388e+01  4.7765e-14
 1.4309e+01  4.9810e-14
 1.4230e+01  5.1942e-14
 1.4151e+01  5.2536e-14
 1.4073e+01  5.1506e-14
 1.3996e+01  5.0880e-14
 1.3919e+01  5.0939e-14
 1.3842e+01  5.1850e-14
 1.3766e+01  5.3841e-14
 1.3690e+01  5.6943e-14
 1.3614e+01  6.0187e-14
 1.3539e+01  6.3127e-14
 1.3465e+01  6.4004e-14
 1.3391e+01  6.3119e-14
 1.3317e+01  6.0927e-14
 1.3243e+01  5.9361e-14
 1.3170e+01  5.8565e-14
 1.3098e+01  5.9733e-14
 1.3026e+01  6.2517e-14
 1.2954e+01  6.7192e-14
 1.2882e+01  7.4363e-14
 1.2812e+01  8.3305e-14
 1.2741e+01  9.4153e-14
 1.2671e+01  1.0089e-13
 1.2601e+01  1.0302e-13
 1.2531e+01  9.7086e-14
 1.2462e+01  8.8975e-14
 1.2394e+01  8.0172e-14
 1.2325e+01  7.4375e-14
 1.2257e+01  7.1479e-14
 1.2190e+01  7.2539e-14
 1.2123e+01  7.3390e-14
 1.2056e+01  7.5844e-14
 1.1989e+01  7.5600e-14
 1.1923e+01  7.3140e-14
 1.1858e+01  6.9264e-14
 1.1792e+01  6.5186e-14
 1.1727e+01  6.3441e-14
 1.1663e+01  6.4446e-14
 1.1598e+01  6.9457e-14
 1.1535e+01  8.0134e-14
 1.1471e+01  9.5185e-14
 1.1408e+01  1.1774e-13
 1.1345e+01  1.4056e-13
 1.1282e+01  1.6077e-13
 1.1220e+01  1.4123e-13
 1.1158e+01  1.0844e-13
 1.1097e+01  7.2918e-14
 1.1036e+01  5.4034e-14
 1.0975e+01  4.3943e-14
 1.0914e+01  3.7364e-14
 1.0854e+01  3.2644e-14
 1.0794e+01  2.9590e-14
 1.0735e+01  2.7165e-14
 1.0676e+01  2.5316e-14
 1.0617e+01  2.3673e-14
 1.0558e+01  2.2368e-14
 1.0500e+01  2.1300e-14
 1.0442e+01  2.0420e-14
 1.0385e+01  1.9690e-14
 1.0328e+01  1.9174e-14
 1.0271e+01  1.8734e-14
 1.0214e+01  1.8364e-14
 1.0158e+01  1.8081e-14
 1.0102e+01  1.7859e-14
 1.0046e+01  1.7669e-14
 9.9908e+00  1.8084e-14
 9.9357e+00  1.7396e-14
 9.8810e+00  1.7311e-14
 9.8265e+00  1.7290e-14
 9.7724e+00  1.7211e-14
 9.7185e+00  1.7227e-14
 9.6650e+00  1.7283e-14
 9.6117e+00  1.7378e-14
 9.5587e+00  1.7615e-14
 9.5060e+00  1.7925e-14
 9.4537e+00  1.8065e-14
 9.4016e+00  1.8470e-14
 9.3497e+00  1.8979e-14
 9.2982e+00  1.9600e-14
 9.2470e+00  2.0393e-14
 9.1960e+00  2.1326e-14
 9.1453e+00  2.2515e-14
 9.0949e+00  2.3980e-14
 9.0448e+00  2.5775e-14
 8.9950e+00  2.8445e-14
 8.9454e+00  3.1092e-14
 8.8961e+00  3.4898e-14
 8.8471e+00  3.9941e-14
 8.7983e+00  4.6506e-14
 8.7498e+00  5.5200e-14
 8.7016e+00  6.5256e-14
 8.6537e+00  7.4672e-14
 8.6060e+00  8.0068e-14
 8.5585e+00  7.9551e-14
 8.5114e+00  7.5578e-14
 8.4645e+00  7.1401e-14
 8.4178e+00  6.8946e-14
 8.3714e+00  6.8395e-14
 8.3253e+00  6.9525e-14
 8.2794e+00  7.3240e-14
 8.2338e+00  7.6001e-14
 8.1884e+00  8.2700e-14
 8.1433e+00  9.0926e-14
 8.0984e+00  1.0270e-13
 8.0538e+00  1.1771e-13
 8.0094e+00  1.3610e-13
 7.9653e+00  1.5829e-13
 7.9214e+00  1.8009e-13
 7.8777e+00  2.0112e-13
 7.8343e+00  2.1188e-13
 7.7911e+00  2.2138e-13
 7.7482e+00  2.2434e-13
 7.7055e+00  2.3374e-13
 7.6630e+00  2.3721e-13
 7.6208e+00  2.3734e-13
 7.5788e+00  2.3134e-13
 7.5370e+00  2.1268e-13
 7.4955e+00  1.9118e-13
 7.4542e+00  1.6822e-13
 7.4131e+00  1.4846e-13
 7.3722e+00  1.3290e-13
 7.3316e+00  1.1950e-13
 7.2912e+00  1.0884e-13
 7.2510e+00  9.9647e-14
 7.2111e+00  9.1744e-14
 7.1713e+00  8.5076e-14
 7.1318e+00  7.9393e-14
 7.0925e+00  7.4722e-14
 7.0534e+00  7.0235e-14
 7.0146e+00  6.6802e-14
 6.9759e+00  6.4774e-14
 6.9375e+00  6.4073e-14
 6.8992e+00  6.2257e-14
 6.8612e+00  6.1734e-14
 6.8234e+00  6.1834e-14
 6.7858e+00  6.2294e-14
 6.7484e+00  6.3003e-14
 6.7112e+00  6.2161e-14
 6.6742e+00  6.2211e-14
 6.6374e+00  6.0672e-14
 6.6009e+00  5.9684e-14
 6.5645e+00  5.8291e-14
 6.5283e+00  5.8709e-14
 6.4923e+00  5.8622e-14
 6.4565e+00  6.2171e-14
 6.4210e+00  6.7199e-14
 6.3856e+00  7.6980e-14
 6.3504e+00  9.3566e-14
 6.3154e+00  1.1715e-13
 6.2806e+00  1.4863e-13
 6.2460e+00  1.7829e-13
 6.2116e+00  1.8207e-13
 6.1773e+00  1.6141e-13
 6.1433e+00  1.2448e-13
 6.1094e+00  9.6229e-14
 6.0758e+00  7.2437e-14
 6.0423e+00  5.9171e-14
 6.0090e+00  4.9313e-14
 5.9759e+00  4.2827e-14
 5.9429e+00  3.9159e-14
 5.9102e+00  3.5856e-14
 5.8776e+00  3.4342e-14
 5.8452e+00  3.3526e-14
 5.8130e+00  3.4233e-14
 5.7810e+00  3.6471e-14
 5.7491e+00  3.6642e-14
 5.7174e+00  3.8154e-14
 5.6859e+00  3.7343e-14
 5.6546e+00  3.4962e-14
 5.6234e+00  3.1697e-14
 5.5924e+00  2.8731e-14
 5.5616e+00  2.5910e-14
 5.5310e+00  2.4369e-14
 5.5005e+00  2.3305e-14
 5.4702e+00  2.3589e-14
 5.4400e+00  2.2969e-14
 5.4100e+00  2.3033e-14
 5.3802e+00  2.3782e-14
 5.3506e+00  2.4877e-14
 5.3211e+00  2.5855e-14
 5.2918e+00  2.6548e-14
 5.2626e+00  2.6440e-14
 5.2336e+00  2.5847e-14
 5.2048e+00  2.3736e-14
 5.1761e+00  2.2354e-14
 5.1475e+00  2.1491e-14
 5.1192e+00  2.0232e-14
 5.0910e+00  2.0328e-14
 5.0629e+00  1.9405e-14
 5.0350e+00  1.9799e-14
 5.0073e+00  2.0353e-14
 4.9797e+00  1.8661e-14
 4.9522e+00  1.8852e-14
 4.9249e+00  1.9132e-14
 4.8978e+00  1.8542e-14
 4.8708e+00  1.9352e-14
 4.8440e+00  1.9437e-14
 4.8173e+00  1.8727e-14
 4.7907e+00  1.8904e-14
 4.7643e+00  1.8502e-14
 4.7381e+00  1.8642e-14
 4.7119e+00  1.9192e-14
 4.6860e+00  1.8681e-14
 4.6602e+00  1.8662e-14
 4.6345e+00  1.9794e-14
 4.6089e+00  1.8863e-14
 4.5835e+00  1.9630e-14
 4.5583e+00  1.8929e-14
 4.5331e+00  1.9431e-14
 4.5082e+00  1.9610e-14
 4.4833e+00  2.0112e-14
 4.4586e+00  2.0338e-14
 4.4340e+00  2.1853e-14
 4.4096e+00  2.1050e-14
 4.3853e+00  2.2120e-14
 4.3611e+00  2.2034e-14
 4.3371e+00  2.2460e-14
 4.3132e+00  2.1878e-14
 4.2894e+00  2.2830e-14
 4.2658e+00  2.4164e-14
 4.2423e+00  2.5338e-14
 4.2189e+00  2.4437e-14
 4.1957e+00  2.5405e-14
 4.1725e+00  2.4774e-14
 4.1495e+00  2.5633e-14
 4.1267e+00  2.6059e-14
 4.1039e+00  2.6445e-14
 4.0813e+00  2.6546e-14
 4.0588e+00  2.7912e-14
 4.0365e+00  2.7567e-14
 4.0142e+00  2.9087e-14
 3.9921e+00  2.8326e-14
 3.9701e+00  2.8382e-14
 3.9482e+00  2.8875e-14
 3.9264e+00  2.9615e-14
 3.9048e+00  2.9279e-14
 3.8833e+00  3.0092e-14
 3.8619e+00  2.9674e-14
 3.8406e+00  3.0119e-14
 3.8194e+00  3.0466e-14
 3.7984e+00  3.1650e-14
 3.7775e+00  3.1810e-14
 3.7566e+00  3.1575e-14
 3.7359e+00  3.0837e-14
 3.7154e+00  3.1243e-14
 3.6949e+00  3.2028e-14
 3.6745e+00  3.1845e-14
 3.6543e+00  3.3226e-14
 3.6341e+00  3.3447e-14
 3.6141e+00  3.3608e-14
 3.5942e+00  3.3301e-14
 3.5744e+00  3.4921e-14
 3.5547e+00  3.6305e-14
 3.5351e+00  3.4918e-14
 3.5156e+00  3.6038e-14
 3.4962e+00  3.5793e-14
 3.4770e+00  3.6853e-14
 3.4578e+00  3.7764e-14
 3.4387e+00  3.9243e-14
 3.4198e+00  4.0490e-14
 3.4009e+00  4.2841e-14
 3.3822e+00  4.6097e-14
 3.3636e+00  5.2094e-14
 3.3450e+00  6.5272e-14
 3.3266e+00  9.8434e-14
 3.3083e+00  1.4370e-13
 3.2900e+00  1.2210e-13
 3.2719e+00  9.2290e-14
 3.2539e+00  6.2584e-14
 3.2359e+00  5.4098e-14
 3.2181e+00  4.8025e-14
 3.2004e+00  4.4158e-14
 3.1827e+00  4.3070e-14
 3.1652e+00  4.2993e-14
 3.1477e+00  4.1681e-14
 3.1304e+00  4.1323e-14
 3.1131e+00  4.2236e-14
 3.0960e+00  4.2262e-14
 3.0789e+00  4.1785e-14
 3.0620e+00  4.4268e-14
 3.0451e+00  4.3669e-14
 3.0283e+00  4.1757e-14
 3.0116e+00  4.3064e-14
 2.9950e+00  4.4499e-14
 2.9785e+00  4.4644e-14
 2.9621e+00  4.3667e-14
 2.9458e+00  4.5427e-14
 2.9295e+00  4.5180e-14
 2.9134e+00  4.5848e-14
 2.8973e+00  4.6041e-14
 2.8814e+00  4.6544e-14
 2.8655e+00  4.6871e-14
 2.8497e+00  4.6458e-14
 2.8340e+00  4.5793e-14
 2.8184e+00  4.9503e-14
 2.8029e+00  4.6942e-14
 2.7874e+00  4.8056e-14
 2.7720e+00  4.9276e-14
 2.7568e+00  4.9477e-14
 2.7416e+00  4.7740e-14
 2.7265e+00  4.9738e-14
 2.7114e+00  5.0423e-14
 2.6965e+00  4.8607e-14
 2.6816e+00  5.0926e-14
 2.6669e+00  5.0536e-14
 2.6522e+00  5.0785e-14
 2.6375e+00  5.2290e-14
 2.6230e+00  5.1523e-14
 2.6086e+00  5.2381e-14
 2.5942e+00  5.3898e-14
 2.5799e+00  5.1137e-14
 2.5657e+00  5.1017e-14
 2.5515e+00  5.0427e-14
 2.5375e+00  5.1182e-14
 2.5235e+00  5.1551e-14
 2.5096e+00  5.1663e-14
 2.4957e+00  5.1019e-14
 2.4820e+00  5.1363e-14
 2.4683e+00  5.7684e-14
 2.4547e+00  5.4198e-14
 2.4412e+00  5.6292e-14
 2.4277e+00  5.7027e-14
 2.4143e+00  5.5936e-14
 2.4010e+00  5.8323e-14
 2.3878e+00  5.7793e-14
 2.3747e+00  6.0600e-14
 2.3616e+00  6.3480e-14
 2.3486e+00  6.3663e-14
 2.3356e+00  6.7502e-14
 2.3227e+00  6.6608e-14
 2.3099e+00  7.1940e-14
 2.2972e+00  6.6664e-14
 2.2845e+00  7.5875e-14
 2.2720e+00  7.8158e-14
 2.2594e+00  7.9429e-14
 2.2470e+00  8.0308e-14
 2.2346e+00  7.9852e-14
 2.2223e+00  8.8357e-14
 2.2100e+00  8.2677e-14
 2.1979e+00  8.4784e-14
 2.1857e+00  8.2866e-14
 2.1737e+00  8.3079e-14
 2.1617e+00  8.8712e-14
 2.1498e+00  8.9776e-14
 2.1380e+00  8.6947e-14
 2.1262e+00  9.0534e-14
 2.1145e+00  9.0141e-14
 2.1028e+00  9.1004e-14
 2.0912e+00  8.9172e-14
 2.0797e+00  8.9138e-14
 2.0682e+00  9.0206e-14
 2.0568e+00  8.6444e-14
 2.0455e+00  8.7756e-14
 2.0342e+00  9.0228e-14
 2.0230e+00  9.3436e-14
 2.0119e+00  8.7603e-14
 2.0008e+00  9.0275e-14
 1.9898e+00  9.2758e-14
 1.9788e+00  9.4313e-14
 1.9679e+00  9.1186e-14
 1.9570e+00  9.4766e-14
 1.9463e+00  9.3091e-14
 1.9355e+00  9.6723e-14
 1.9249e+00  9.8875e-14
 1.9143e+00  9.9398e-14
 1.9037e+00  1.0281e-13
 1.8932e+00  9.9825e-14
 1.8828e+00  1.0106e-13
 1.8724e+00  9.9032e-14
 1.8621e+00  1.0667e-13
 1.8518e+00  1.0839e-13
 1.8416e+00  1.1324e-13
 1.8315e+00  1.0533e-13
 1.8214e+00  1.0756e-13
 1.8113e+00  1.0867e-13
 1.8014e+00  1.0931e-13
 1.7914e+00  1.1161e-13
 1.7816e+00  1.1006e-13
 1.7717e+00  1.1594e-13
 1.7620e+00  1.1765e-13
 1.7523e+00  1.1815e-13
 1.7426e+00  1.2236e-13
 1.7330e+00  1.2294e-13
 1.7235e+00  1.2527e-13
 1.7140e+00  1.2881e-13
 1.7045e+00  1.2870e-13
 1.6951e+00  1.2790e-13
 1.6858e+00  1.3108e-13
 1.6765e+00  1.3156e-13
 1.6672e+00  1.2945e-13
 1.6581e+00  1.3556e-13
 1.6489e+00  1.3085e-13
 1.6398e+00  1.3252e-13
 1.6308e+00  1.3045e-13
 1.6218e+00  1.2997e-13
 1.6129e+00  1.3225e-13
 1.6040e+00  1.2941e-13
 1.5951e+00  1.2856e-13
 1.5864e+00  1.3263e-13
 1.5776e+00  1.2892e-13
 1.5689e+00  1.3732e-13
 1.5603e+00  1.3170e-13
 1.5517e+00  1.3358e-13
 1.5431e+00  1.2526e-13
 1.5346e+00  1.3008e-13
 1.5262e+00  1.2644e-13
 1.5177e+00  1.2276e-13
 1.5094e+00  1.2579e-13
 1.5011e+00  1.2444e-13
 1.4928e+00  1.2086e-13
 1.4846e+00  1.2262e-13
 1.4764e+00  1.2797e-13
 1.4682e+00  1.1848e-13
 1.4602e+00  1.1902e-13
 1.4521e+00  1.2333e-13
 1.4441e+00  1.2394e-13
 1.4362e+00  1.1965e-13
 1.4282e+00  1.2169e-13
 1.4204e+00  1.1507e-13
 1.4125e+00  1.2039e-13
 1.4048e+00  1.1936e-13
 1.3970e+00  1.2330e-13
 1.3893e+00  1.2396e-13
 1.3817e+00  1.2413e-13
 1.3740e+00  1.2198e-13
 1.3665e+00  1.2924e-13
 1.3589e+00  1.2480e-13
 1.3515e+00  1.2970e-13
 1.3440e+00  1.2407e-13
 1.3366e+00  1.2763e-13
 1.3292e+00  1.2791e-13
 1.3219e+00  1.3043e-13
 1.3146e+00  1.3508e-13
 1.3074e+00  1.2991e-13
 1.3002e+00  1.3514e-13
 1.2930e+00  1.3962e-13
 1.2859e+00  1.4160e-13
 1.2788e+00  1.4096e-13
 1.2717e+00  1.4036e-13
 1.2647e+00  1.3205e-13
 1.2578e+00  1.3419e-13
 1.2508e+00  1.3186e-13
 1.2439e+00  1.3930e-13
 1.2371e+00  1.3395e-13
 1.2303e+00  1.3252e-13
 1.2235e+00  1.3186e-13
 1.2167e+00  1.3391e-13
 1.2100e+00  1.3732e-13
 1.2034e+00  1.3099e-13
 1.1967e+00  1.2915e-13
 1.1901e+00  1.4044e-13
 1.1836e+00  1.3700e-13
 1.1771e+00  1.3404e-13
 1.1706e+00  1.3780e-13
 1.1641e+00  1.3514e-13
 1.1577e+00  1.3395e-13
 1.1513e+00  1.3444e-13
 1.1450e+00  1.3539e-13
 1.1387e+00  1.3568e-13
 1.1324e+00  1.2966e-13
 1.1262e+00  1.3887e-13
 1.1200e+00  1.3577e-13
 1.1138e+00  1.3554e-13
 1.1076e+00  1.3287e-13
 1.1015e+00  1.3570e-13
 1.0955e+00  1.2628e-13
 1.0894e+00  1.3541e-13
 1.0834e+00  1.3325e-13
 1.0775e+00  1.3310e-13
 1.0715e+00  1.3468e-13
 1.0656e+00  1.3825e-13
 1.0597e+00  1.4033e-13
 1.0539e+00  1.3835e-13
 1.0481e+00  1.3280e-13
 1.0423e+00  1.4231e-13
 1.0366e+00  1.3432e-13
 1.0309e+00  1.3890e-13
 1.0252e+00  1.4332e-13
 1.0195e+00  1.4368e-13
 1.0139e+00  1.3735e-13
 1.0083e+00  1.3535e-13
 1.0028e+00  1.3743e-13
 9.9724e-01  1.4525e-13
 9.9174e-01  1.4311e-13
 9.8628e-01  1.4532e-13
 9.8084e-01  1.4200e-13
 9.7544e-01  1.4272e-13
 9.7006e-01  1.4723e-13
 9.6472e-01  1.4637e-13
 9.5940e-01  1.4877e-13
 9.5411e-01  1.4534e-13
 9.4886e-01  1.4473e-13
 9.4363e-01  1.4377e-13
 9.3843e-01  1.3491e-13
 9.3325e-01  1.5128e-13
 9.2811e-01  1.3239e-13
 9.2300e-01  1.4135e-13
 9.1791e-01  1.4401e-13
 9.1285e-01  1.4743e-13
 9.0782e-01  1.4139e-13
 9.0282e-01  1.3428e-13
 8.9784e-01  1.4927e-13
 8.9289e-01  1.4663e-13
 8.8797e-01  1.2973e-13
 8.8308e-01  1.4012e-13
 8.7821e-01  1.3688e-13
 8.7337e-01  1.3548e-13
 8.6856e-01  1.3037e-13
 8.6377e-01  1.3142e-13
 8.5901e-01  1.2733e-13
 8.5428e-01  1.1700e-13
 8.4957e-01  1.2802e-13
 8.4489e-01  1.2620e-13
 8.4023e-01  1.2529e-13
 8.3560e-01  1.3397e-13
 8.3100e-01  1.3772e-13
 8.2642e-01  1.4218e-13
 8.2186e-01  1.2946e-13
 8.1733e-01  1.4665e-13
 8.1283e-01  1.3628e-13
 8.0835e-01  1.3462e-13
 8.0390e-01  1.3050e-13
 7.9947e-01  1.2597e-13
 7.9506e-01  1.4487e-13
 7.9068e-01  1.3095e-13
 7.8632e-01  1.2834e-13
 7.8199e-01  1.2100e-13
 7.7768e-01  1.2728e-13
 7.7339e-01  1.2331e-13
 7.6913e-01  1.2045e-13
 7.6489e-01  1.2356e-13
 7.6068e-01  1.2273e-13
 7.5648e-01  1.3533e-13
 7.5232e-01  1.3589e-13
 7.4817e-01  1.2776e-13
 7.4405e-01  1.3328e-13
 7.3995e-01  1.2179e-13
 7.3587e-01  1.1995e-13
 7.3181e-01  1.1961e-13
 7.2778e-01  1.1757e-13
 7.2377e-01  1.2737e-13
 7.1978e-01  1.1649e-13
 7.1581e-01  1.2003e-13
 7.1187e-01  1.1539e-13
 7.0795e-01  1.2470e-13
 7.0404e-01  1.1982e-13
 7.0016e-01  1.0968e-13
 6.9631e-01  1.0486e-13
 6.9247e-01  1.1070e-13
 6.8865e-01  1.1227e-13
 6.8486e-01  1.1982e-13
 6.8108e-01  1.1616e-13
 6.7733e-01  1.1569e-13
 6.7360e-01  1.1736e-13
 6.6988e-01  1.1469e-13
 6.6619e-01  1.0866e-13
 6.6252e-01  1.1078e-13
 6.5887e-01  1.0911e-13
 6.5524e-01  1.1149e-13
 6.5163e-01  1.1149e-13
 6.4804e-01  1.0538e-13
 6.4447e-01  1.1671e-13
 6.4091e-01  1.1106e-13
 6.3738e-01  1.1562e-13
 6.3387e-01  1.1899e-13
 6.3038e-01  1.1035e-13
 6.2690e-01  1.1112e-13
 6.2345e-01  1.0673e-13
 6.2001e-01  1.0798e-13
 6.1659e-01  1.0691e-13
 6.1320e-01  1.1996e-13
 6.0982e-01  1.0822e-13
 6.0646e-01  1.1289e-13
 6.0311e-01  1.1568e-13
 5.9979e-01  1.1244e-13
 5.9649e-01  1.1719e-13
 5.9320e-01  1.0673e-13
 5.8993e-01  1.1386e-13
 5.8668e-01  1.0410e-13
 5.8345e-01  1.0998e-13
 5.8023e-01  1.0681e-13
 5.7703e-01  1.1204e-13
 5.7385e-01  1.0514e-13
 5.7069e-01  9.7108e-14
 5.6754e-01  9.9666e-14
 5.6442e-01  9.7749e-14
 5.6131e-01  1.0242e-13
 5.5821e-01  1.0173e-13
 5.5514e-01  1.0343e-13
 5.5208e-01  1.0384e-13
 5.4903e-01  9.4844e-14
 5.4601e-01  1.0480e-13
 5.4300e-01  9.8165e-14
 5.4001e-01  1.0193e-13
 5.3703e-01  1.0653e-13
 5.3407e-01  1.0254e-13
 5.3113e-01  9.8315e-14
 5.2820e-01  9.6606e-14
 5.2529e-01  1.0543e-13
 5.2240e-01  9.7440e-14
 5.1952e-01  8.7804e-14
 5.1665e-01  8.6115e-14
 5.1381e-01  9.7728e-14
 5.1098e-01  9.7958e-14
 5.0816e-01  9.4838e-14
 5.0536e-01  8.7190e-14
 5.0257e-01  9.7992e-14
 4.9980e-01  8.8893e-14
 4.9705e-01  9.9597e-14
 4.9431e-01  1.0237e-13
 4.9159e-01  8.7352e-14
 4.8888e-01  9.5443e-14
 4.8618e-01  8.5365e-14
 4.8350e-01  8.9196e-14
 4.8084e-01  9.2670e-14
 4.7819e-01  9.0824e-14
 4.7555e-01  8.9852e-14
 4.7293e-01  9.5175e-14
 4.7033e-01  8.3009e-14
 4.6774e-01  8.0407e-14
 4.6516e-01  8.8124e-14
 4.6259e-01  9.1920e-14
 4.6004e-01  9.1307e-14
 4.5751e-01  8.9733e-14
 4.5499e-01  8.2865e-14
 4.5248e-01  8.2870e-14
 4.4999e-01  7.8982e-14
 4.4751e-01  8.7684e-14
 4.4504e-01  9.3234e-14
 4.4259e-01  8.6698e-14
 4.4015e-01  8.6924e-14
 4.3772e-01  7.6415e-14
 4.3531e-01  7.7784e-14
 4.3291e-01  6.9483e-14
 4.3053e-01  7.2839e-14
 4.2815e-01  7.9423e-14
 4.2579e-01  7.8438e-14
 4.2345e-01  8.1210e-14
 4.2111e-01  7.6976e-14
 4.1879e-01  7.5954e-14
 4.1649e-01  7.6204e-14
 4.1419e-01  7.6728e-14
 4.1191e-01  6.6353e-14
 4.0964e-01  6.1199e-14
 4.0738e-01  6.6873e-14
 4.0514e-01  7.7083e-14
 4.0290e-01  7.7106e-14
 4.0068e-01  7.2597e-14
 3.9847e-01  6.2262e-14
 3.9628e-01  4.4803e-14
 3.9409e-01  5.5272e-14
 3.9192e-01  6.3472e-14
 3.8976e-01  4.5444e-14
 3.8761e-01  5.3709e-14
 3.8548e-01  5.3310e-14
 3.8335e-01  4.2874e-14
 3.8124e-01  5.0694e-14
 3.7914e-01  4.5385e-14
 3.7705e-01  3.9313e-14
 3.7497e-01  3.6602e-14
 3.7291e-01  3.3989e-14
 3.7085e-01  3.9975e-14
 3.6881e-01  3.1890e-14
 3.6678e-01  3.0499e-14
 3.6475e-01  3.2527e-14
 3.6274e-01  3.0591e-14
 3.6074e-01  3.1831e-14
 3.5876e-01  2.8550e-14
 3.5678e-01  3.4700e-14
 3.5481e-01  3.0992e-14
 3.5286e-01  3.2036e-14
 3.5091e-01  2.8936e-14
 3.4898e-01  2.6186e-14
 3.4706e-01  2.5177e-14
 3.4514e-01  2.7236e-14
 3.4324e-01  2.7239e-14
 3.4135e-01  2.6935e-14
 3.3947e-01  2.6163e-14
 3.3760e-01  2.3401e-14
 3.3574e-01  2.5787e-14
 3.3389e-01  2.6457e-14
 3.3205e-01  2.5833e-14
 3.3022e-01  3.3446e-14
 3.2840e-01  2.6343e-14
 3.2659e-01  3.0944e-14
 3.2479e-01  2.5286e-14
 3.2300e-01  2.6797e-14
 3.2122e-01  2.2508e-14
 3.1945e-01  2.2515e-14
 3.1769e-01  2.1282e-14
 3.1594e-01  2.5289e-14
 3.1420e-01  2.2795e-14
 3.1246e-01  2.1767e-14
 3.1074e-01  2.3292e-14
 3.0903e-01  2.4282e-14
 3.0733e-01  2.1690e-14
 3.0563e-01  2.3799e-14
 3.0395e-01  2.2613e-14
 3.0227e-01  2.0964e-14
 3.0061e-01  2.2178e-14
 2.9895e-01  2.1623e-14
 2.9730e-01  2.1686e-14
 2.9567e-01  2.2993e-14
 2.9404e-01  1.8877e-14
 2.9242e-01  2.0076e-14
 2.9080e-01  2.4029e-14
 2.8920e-01  2.0129e-14
 2.8761e-01  1.6820e-14
 2.8602e-01  1.5920e-14
 2.8445e-01  1.8321e-14
 2.8288e-01  2.0060e-14
 2.8132e-01  1.6442e-14
 2.7977e-01  1.3006e-14
 2.7823e-01  1.8666e-14
 2.7669e-01  1.6450e-14
 2.7517e-01  1.4270e-14
 2.7365e-01  1.9758e-14
 2.7214e-01  1.6585e-14
 2.7064e-01  1.7945e-14
 2.6915e-01  1.6954e-14
 2.6767e-01  2.1814e-14
 2.6620e-01  1.7902e-14
 2.6473e-01  1.6682e-14
 2.6327e-01  1.4873e-14
 2.6182e-01  1.2668e-14
 2.6038e-01  1.4473e-14
 2.5894e-01  1.4605e-14
 2.5751e-01  1.6197e-14
 2.5609e-01  1.2532e-14
 2.5468e-01  1.3516e-14
 2.5328e-01  1.1796e-14
 2.5188e-01  1.1410e-14
 2.5050e-01  1.2252e-14
 2.4912e-01  1.1182e-14
 2.4774e-01  1.3569e-14
 2.4638e-01  1.3775e-14
 2.4502e-01  1.4438e-14
 2.4367e-01  1.4621e-14
 2.4233e-01  1.3325e-14
 2.4099e-01  9.7352e-15
 2.3966e-01  1.1920e-14
 2.3834e-01  1.0415e-14
 2.3703e-01  1.0063e-14
 2.3572e-01  9.7272e-15
 2.3442e-01  1.0380e-14
 2.3313e-01  1.0005e-14
 2.3185e-01  1.1445e-14
 2.3057e-01  1.0578e-14
 2.2930e-01  1.0979e-14
 2.2803e-01  1.1558e-14
 2.2678e-01  1.1822e-14
 2.2553e-01  1.1315e-14
 2.2428e-01  1.0680e-14
 2.2305e-01  1.1904e-14
 2.2182e-01  9.0513e-15
 2.2060e-01  1.0069e-14
 2.1938e-01  1.1129e-14
 2.1817e-01  9.5619e-15
 2.1697e-01  1.0840e-14
 2.1577e-01  1.2363e-14
 2.1459e-01  1.0261e-14
 2.1340e-01  1.0372e-14
 2.1223e-01  1.0566e-14
 2.1106e-01  1.1261e-14
 2.0989e-01  1.0534e-14
 2.0874e-01  1.0374e-14
 2.0759e-01  1.1005e-14
 2.0644e-01  1.1612e-14
 2.0531e-01  1.1628e-14
 2.0417e-01  1.3039e-14
 2.0305e-01  1.0598e-14
 2.0193e-01  1.1469e-14
 2.0082e-01  1.1229e-14
 1.9971e-01  1.2326e-14
 1.9861e-01  1.1481e-14
 1.9751e-01  1.3221e-14
 1.9643e-01  1.2363e-14
 1.9534e-01  1.2412e-14
 1.9427e-01  1.3878e-14
 1.9320e-01  1.3399e-14
 1.9213e-01  1.1782e-14
 1.9107e-01  1.2569e-14
 1.9002e-01  1.4206e-14
 1.8897e-01  1.2481e-14
 1.8793e-01  1.2832e-14
 1.8690e-01  1.4491e-14
 1.8587e-01  1.2789e-14
 1.8484e-01  1.3459e-14
 1.8382e-01  1.2187e-14
 1.8281e-01  1.4472e-14
 1.8180e-01  1.5735e-14
 1.8080e-01  1.5538e-14
 1.7980e-01  1.6766e-14
 1.7881e-01  1.6029e-14
 1.7783e-01  1.4552e-14
 1.7685e-01  1.5049e-14
 1.7587e-01  1.3665e-14
 1.7490e-01  1.5280e-14
 1.7394e-01  1.2857e-14
 1.7298e-01  1.2775e-14
 1.7203e-01  1.4204e-14
 1.7108e-01  1.3858e-14
 1.7014e-01  1.4335e-14
 1.6920e-01  1.4869e-14
 1.6827e-01  1.4117e-14
 1.6734e-01  1.3364e-14
 1.6642e-01  1.3222e-14
 1.6550e-01  1.2948e-14
 1.6459e-01  1.4408e-14
 1.6368e-01  1.4107e-14
 1.6278e-01  1.1065e-14
 1.6188e-01  1.5319e-14
 1.6099e-01  1.3862e-14
 1.6010e-01  1.4358e-14
 1.5922e-01  1.3015e-14
 1.5834e-01  1.1269e-14
 1.5747e-01  1.2943e-14
 1.5660e-01  1.0719e-14
 1.5574e-01  1.1596e-14
 1.5488e-01  1.0965e-14
 1.5403e-01  1.0632e-14
 1.5318e-01  1.1738e-14
 1.5234e-01  1.1930e-14
 1.5150e-01  1.2230e-14
 1.5066e-01  1.3316e-14
 1.4983e-01  1.4143e-14
 1.4900e-01  1.3436e-14
 1.4818e-01  1.3137e-14
 1.4737e-01  1.2786e-14
 1.4655e-01  1.1629e-14
 1.4575e-01  1.3318e-14
 1.4494e-01  1.4783e-14
 1.4415e-01  1.4448e-14
 1.4335e-01  1.3210e-14
 1.4256e-01  1.2368e-14
 1.4178e-01  1.2686e-14
 1.4099e-01  1.3295e-14
 1.4022e-01  1.1778e-14
 1.3944e-01  1.3883e-14
 1.3868e-01  1.2863e-14
 1.3791e-01  1.1894e-14
 1.3715e-01  1.0717e-14
 1.3640e-01  1.1209e-14
 1.3564e-01  1.1324e-14
 1.3490e-01  1.1994e-14
 1.3415e-01  1.2376e-14
 1.3341e-01  1.2229e-14
 1.3268e-01  1.1882e-14
 1.3195e-01  1.2613e-14
 1.3122e-01  1.0918e-14
 1.3050e-01  1.1071e-14
 1.2978e-01  9.2387e-15
 1.2906e-01  1.0217e-14
 1.2835e-01  1.1576e-14
 1.2764e-01  1.2024e-14
 1.2694e-01  1.0959e-14
 1.2624e-01  1.0107e-14
 1.2555e-01  9.4020e-15
 1.2485e-01  1.0870e-14
 1.2417e-01  8.9231e-15
 1.2348e-01  7.9291e-15
 1.2280e-01  6.8094e-15
 1.2212e-01  5.9587e-15
 1.2145e-01  3.9825e-15
 1.2078e-01  5.9202e-15
 1.2012e-01  6.6351e-15
 1.1945e-01  7.0649e-15
 1.1880e-01  7.8598e-15
 1.1814e-01  6.6232e-15
 1.1749e-01  6.4430e-15
 1.1684e-01  7.9237e-15
 1.1620e-01  8.0909e-15
 1.1556e-01  7.1335e-15
 1.1492e-01  9.8694e-15
 1.1429e-01  6.8387e-15
 1.1366e-01  9.1223e-15
 1.1303e-01  7.6878e-15
 1.1241e-01  5.8447e-15
 1.1179e-01  6.5216e-15
 1.1117e-01  8.5428e-15
 1.1056e-01  6.5255e-15
 1.0995e-01  7.9052e-15
 1.0935e-01  7.0096e-15
 1.0874e-01  5.4349e-15
 1.0814e-01  7.1589e-15
 1.0755e-01  6.6875e-15
 1.0695e-01  6.1512e-15
 1.0637e-01  6.6189e-15
 1.0578e-01  6.2421e-15
 1.0520e-01  7.8927e-15
 1.0462e-01  7.3865e-15
 1.0404e-01  6.0382e-15
 1.0347e-01  3.4896e-15
 1.0290e-01  2.7483e-15
 1.0233e-01  2.8703e-15
 1.0177e-01  4.3173e-15
 1.0120e-01  4.5364e-15
 1.0065e-01  4.9940e-15
 1.0009e-01  4.0908e-15
 9.9541e-02  3.9342e-15
 9.8992e-02  4.2588e-15
 9.8446e-02  4.0270e-15
 9.7904e-02  2.1071e-15
 9.7364e-02  2.1687e-15
 9.6828e-02  2.8372e-15
 9.6294e-02  3.4642e-15
 9.5763e-02  3.0500e-15
 9.5236e-02  2.7378e-15
 9.4711e-02  3.9599e-15
 9.4189e-02  2.8913e-15
 9.3670e-02  3.2477e-15
 9.3154e-02  2.6887e-15
 9.2640e-02  1.8690e-15
 9.2130e-02  2.2953e-15
 9.1622e-02  1.6899e-15
 9.1117e-02  0.0000e+00
 9.0615e-02  0.0000e+00
 9.0116e-02  0.0000e+00
 8.9619e-02  0.0000e+00
 8.9125e-02  0.0000e+00
 8.8634e-02  0.0000e+00
 8.8145e-02  0.0000e+00
 8.7660e-02  0.0000e+00
 8.7177e-02  0.0000e+00
 8.6696e-02  0.0000e+00
 8.6218e-02  0.0000e+00
 8.5743e-02  0.0000e+00
 8.5271e-02  0.0000e+00
 8.4801e-02  0.0000e+00
 8.4333e-02  0.0000e+00
 8.3869e-02  0.0000e+00
 8.3407e-02  0.0000e+00
 8.2947e-02  0.0000e+00
 8.2490e-02  0.0000e+00
 8.2035e-02  0.0000e+00
 8.1583e-02  0.0000e+00
 8.1133e-02  0.0000e+00
 8.0686e-02  0.0000e+00
 8.0242e-02  0.0000e+00
 7.9799e-02  0.0000e+00
 7.9360e-02  0.0000e+00
 7.8922e-02  0.0000e+00
 7.8487e-02  0.0000e+00
 7.8055e-02  0.0000e+00
 7.7625e-02  0.0000e+00
 7.7197e-02  0.0000e+00
 7.6771e-02  0.0000e+00
 7.6348e-02  0.0000e+00
 7.5928e-02  0.0000e+00
 7.5509e-02  0.0000e+00
 7.5093e-02  0.0000e+00
 7.4679e-02  0.0000e+00
 7.4268e-02  0.0000e+00
 7.3858e-02  0.0000e+00
 7.3451e-02  0.0000e+00
 7.3047e-02  0.0000e+00
 7.2644e-02  0.0000e+00
 7.2244e-02  0.0000e+00
 7.1846e-02  0.0000e+00
 7.1450e-02  0.0000e+00
 7.1056e-02  0.0000e+00
 7.0664e-02  0.0000e+00
 7.0275e-02  0.0000e+00
 6.9888e-02  0.0000e+00
 6.9502e-02  0.0000e+00
 6.9119e-02  0.0000e+00
 6.8738e-02  0.0000e+00
 6.8360e-02  0.0000e+00
 6.7983e-02  0.0000e+00
 6.7608e-02  0.0000e+00
 6.7236e-02  0.0000e+00
 6.6865e-02  0.0000e+00
 6.6497e-02  0.0000e+00
 6.6130e-02  0.0000e+00
 6.5766e-02  0.0000e+00
 6.5403e-02  0.0000e+00
 6.5043e-02  0.0000e+00
 6.4684e-02  0.0000e+00
 6.4328e-02  0.0000e+00
 6.3973e-02  0.0000e+00
 6.3621e-02  0.0000e+00
 6.3270e-02  0.0000e+00
 6.2922e-02  0.0000e+00
 6.2575e-02  0.0000e+00
 6.2230e-02  0.0000e+00
 6.1887e-02  0.0000e+00
 6.1546e-02  0.0000e+00
 6.1207e-02  0.0000e+00
 6.0870e-02  0.0000e+00
 6.0534e-02  0.0000e+00
 6.0200e-02  0.0000e+00
 5.9869e-02  0.0000e+00
 5.9539e-02  0.0000e+00
 5.9211e-02  0.0000e+00
 5.8884e-02  0.0000e+00
 5.8560e-02  0.0000e+00
 5.8237e-02  0.0000e+00
 5.7916e-02  0.0000e+00
 5.7597e-02  0.0000e+00
 5.7280e-02  0.0000e+00
 5.6964e-02  0.0000e+00
 5.6650e-02  0.0000e+00
 5.6338e-02  0.0000e+00
 5.6027e-02  0.0000e+00
 5.5719e-02  0.0000e+00
 5.5412e-02  0.0000e+00
 5.5106e-02  0.0000e+00
 5.4802e-02  0.0000e+00
 5.4500e-02  0.0000e+00
 5.4200e-02  0.0000e+00
 5.3901e-02  0.0000e+00
 5.3604e-02  0.0000e+00
 5.3309e-02  0.0000e+00
 5.3015e-02  0.0000e+00
 5.2723e-02  0.0000e+00
 5.2432e-02  0.0000e+00
 5.2143e-02  0.0000e+00
 5.1856e-02  0.0000e+00
 5.1570e-02  0.0000e+00
 5.1286e-02  0.0000e+00
 5.1004e-02  0.0000e+00
 5.0722e-02  0.0000e+00
 5.0443e-02  0.0000e+00
 5.0165e-02  0.0000e+00
 4.9888e-02  0.0000e+00
 4.9614e-02  0.0000e+00
 4.9340e-02  0.0000e+00
 4.9068e-02  0.0000e+00
 4.8798e-02  0.0000e+00
 4.8529e-02  0.0000e+00
 4.8261e-02  0.0000e+00
 4.7995e-02  0.0000e+00
 4.7731e-02  0.0000e+00
 4.7468e-02  0.0000e+00
 4.7206e-02  0.0000e+00
 4.6946e-02  0.0000e+00
 4.6687e-02  0.0000e+00
 4.6430e-02  0.0000e+00
 4.6174e-02  0.0000e+00
 4.5920e-02  0.0000e+00
 4.5667e-02  0.0000e+00
 4.5415e-02  0.0000e+00
 4.5165e-02  0.0000e+00
 4.4916e-02  0.0000e+00
 4.4668e-02  0.0000e+00
 4.4422e-02  0.0000e+00
 4.4177e-02  0.0000e+00
 4.3934e-02  0.0000e+00
 4.3692e-02  0.0000e+00
 4.3451e-02  0.0000e+00
 4.3212e-02  0.0000e+00
 4.2973e-02  0.0000e+00
 4.2737e-02  0.0000e+00
 4.2501e-02  0.0000e+00
 4.2267e-02  0.0000e+00
 4.2034e-02  0.0000e+00
 4.1802e-02  0.0000e+00
 4.1572e-02  0.0000e+00
 4.1343e-02  0.0000e+00
 4.1115e-02  0.0000e+00
 4.0888e-02  0.0000e+00
 4.0663e-02  0.0000e+00
 4.0439e-02  0.0000e+00
 4.0216e-02  0.0000e+00
 3.9994e-02  0.0000e+00
 3.9774e-02  0.0000e+00
 3.9555e-02  0.0000e+00
 3.9337e-02  0.0000e+00
 3.9120e-02  0.0000e+00
 3.8905e-02  0.0000e+00
 3.8690e-02  0.0000e+00
 3.8477e-02  0.0000e+00
 3.8265e-02  0.0000e+00
 3.8054e-02  0.0000e+00
 3.7844e-02  0.0000e+00
 3.7636e-02  0.0000e+00
 3.7428e-02  0.0000e+00
 3.7222e-02  0.0000e+00
 3.7017e-02  0.0000e+00
 3.6813e-02  0.0000e+00
 3.6610e-02  0.0000e+00
 3.6408e-02  0.0000e+00
 3.6208e-02  0.0000e+00
 3.6008e-02  0.0000e+00
 3.5810e-02  0.0000e+00
 3.5612e-02  0.0000e+00
 3.5416e-02  0.0000e+00
 3.5221e-02  0.0000e+00
 3.5027e-02  0.0000e+00
 3.4834e-02  0.0000e+00
 3.4642e-02  0.0000e+00
 3.4451e-02  0.0000e+00
 3.4261e-02  0.0000e+00
 3.4072e-02  0.0000e+00
 3.3884e-02  0.0000e+00
 3.3698e-02  0.0000e+00
 3.3512e-02  0.0000e+00
 3.3327e-02  0.0000e+00
 3.3144e-02  0.0000e+00
 3.2961e-02  0.0000e+00
 3.2779e-02  0.0000e+00
 3.2599e-02  0.0000e+00
 3.2419e-02  0.0000e+00
 3.2240e-02  0.0000e+00
 3.2063e-02  0.0000e+00
 3.1886e-02  0.0000e+00
 3.1710e-02  0.0000e+00
 3.1536e-02  0.0000e+00
 3.1362e-02  0.0000e+00
 3.1189e-02  0.0000e+00
 3.1017e-02  0.0000e+00
 3.0846e-02  0.0000e+00
 3.0676e-02  0.0000e+00
 3.0507e-02  0.0000e+00
 3.0339e-02  0.0000e+00
 3.0172e-02  0.0000e+00
 3.0005e-02  0.0000e+00
 2.9840e-02  0.0000e+00
 2.9676e-02  0.0000e+00
 2.9512e-02  0.0000e+00
 2.9349e-02  0.0000e+00
 2.9188e-02  0.0000e+00
 2.9027e-02  0.0000e+00
 2.8867e-02  0.0000e+00
 2.8708e-02  0.0000e+00
 2.8550e-02  0.0000e+00
 2.8392e-02  0.0000e+00
 2.8236e-02  0.0000e+00
 2.8080e-02  0.0000e+00
 2.7925e-02  0.0000e+00
 2.7772e-02  0.0000e+00
 2.7618e-02  0.0000e+00
 2.7466e-02  0.0000e+00
 2.7315e-02  0.0000e+00
 2.7164e-02  0.0000e+00
 2.7015e-02  0.0000e+00
 2.6866e-02  0.0000e+00
 2.6718e-02  0.0000e+00
 2.6571e-02  0.0000e+00
 2.6424e-02  0.0000e+00
 2.6278e-02  0.0000e+00
 2.6134e-02  0.0000e+00
 2.5990e-02  0.0000e+00
 2.5846e-02  0.0000e+00
 2.5704e-02  0.0000e+00
 2.5562e-02  0.0000e+00
 2.5421e-02  0.0000e+00
 2.5281e-02  0.0000e+00
 2.5142e-02  0.0000e+00
 2.5003e-02  0.0000e+00
 2.4866e-02  0.0000e+00
 2.4729e-02  0.0000e+00
 2.4592e-02  0.0000e+00
 2.4457e-02  0.0000e+00
 2.4322e-02  0.0000e+00
 2.4188e-02  0.0000e+00
 2.4055e-02  0.0000e+00
 2.3922e-02  0.0000e+00
 2.3790e-02  0.0000e+00
 2.3659e-02  0.0000e+00
 2.3529e-02  0.0000e+00
 2.3399e-02  0.0000e+00
 2.3270e-02  0.0000e+00
 2.3142e-02  0.0000e+00
 2.3014e-02  0.0000e+00
 2.2888e-02  0.0000e+00
 2.2761e-02  0.0000e+00
 2.2636e-02  0.0000e+00
 2.2511e-02  0.0000e+00
 2.2387e-02  0.0000e+00
 2.2264e-02  0.0000e+00
 2.2141e-02  0.0000e+00
 2.2019e-02  0.0000e+00
 2.1898e-02  0.0000e+00
 2.1777e-02  0.0000e+00
 2.1657e-02  0.0000e+00
 2.1538e-02  0.0000e+00
 2.1419e-02  0.0000e+00
 2.1301e-02  0.0000e+00
 2.1184e-02  0.0000e+00
 2.1067e-02  0.0000e+00
 2.0951e-02  0.0000e+00
 2.0835e-02  0.0000e+00
 2.0720e-02  0.0000e+00
 2.0606e-02  0.0000e+00
 2.0493e-02  0.0000e+00
 2.0380e-02  0.0000e+00
 2.0267e-02  0.0000e+00
 2.0156e-02  0.0000e+00
 2.0045e-02  0.0000e+00
 1.9934e-02  0.0000e+00
 1.9824e-02  0.0000e+00
 1.9715e-02  0.0000e+00
 1.9606e-02  0.0000e+00
 1.9498e-02  0.0000e+00
 1.9391e-02  0.0000e+00
 1.9284e-02  0.0000e+00
 1.9178e-02  0.0000e+00
 1.9072e-02  0.0000e+00
 1.8967e-02  0.0000e+00
 1.8863e-02  0.0000e+00
 1.8759e-02  0.0000e+00
 1.8655e-02  0.0000e+00
 1.8552e-02  0.0000e+00
 1.8450e-02  0.0000e+00
 1.8348e-02  0.0000e+00
 1.8247e-02  0.0000e+00
 1.8147e-02  0.0000e+00
 1.8047e-02  0.0000e+00
 1.7947e-02  0.0000e+00
 1.7848e-02  0.0000e+00
 1.7750e-02  0.0000e+00
 1.7652e-02  0.0000e+00
 1.7555e-02  0.0000e+00
 1.7458e-02  0.0000e+00
 1.7362e-02  0.0000e+00
 1.7266e-02  0.0000e+00
 1.7171e-02  0.0000e+00
 1.7077e-02  0.0000e+00
 1.6982e-02  0.0000e+00
 1.6889e-02  0.0000e+00
 1.6796e-02  0.0000e+00
 1.6703e-02  0.0000e+00
 1.6611e-02  0.0000e+00
 1.6520e-02  0.0000e+00
 1.6429e-02  0.0000e+00
 1.6338e-02  0.0000e+00
 1.6248e-02  0.0000e+00
 1.6158e-02  0.0000e+00
 1.6069e-02  0.0000e+00
 1.5981e-02  0.0000e+00
 1.5893e-02  0.0000e+00
 1.5805e-02  0.0000e+00
 1.5718e-02  0.0000e+00
 1.5631e-02  0.0000e+00
 1.5545e-02  0.0000e+00
 1.5460e-02  0.0000e+00
 1.5374e-02  0.0000e+00
 1.5290e-02  0.0000e+00
 1.5205e-02  0.0000e+00
 1.5122e-02  0.0000e+00
 1.5038e-02  0.0000e+00
 1.4955e-02  0.0000e+00
 1.4873e-02  0.0000e+00
 1.4791e-02  0.0000e+00
 1.4710e-02  0.0000e+00
 1.4629e-02  0.0000e+00
 1.4548e-02  0.0000e+00
 1.4468e-02  0.0000e+00
 1.4388e-02  0.0000e+00
 1.4309e-02  0.0000e+00
 1.4230e-02  0.0000e+00
 1.4151e-02  0.0000e+00
 1.4073e-02  0.0000e+00
 1.3996e-02  0.0000e+00
 1.3919e-02  0.0000e+00
 1.3842e-02  0.0000e+00
 1.3766e-02  0.0000e+00
 1.3690e-02  0.0000e+00
 1.3614e-02  0.0000e+00
 1.3539e-02  0.0000e+00
 1.3465e-02  0.0000e+00
 1.3391e-02  0.0000e+00
 1.3317e-02  0.0000e+00
 1.3243e-02  0.0000e+00
 1.3170e-02  0.0000e+00
 1.3098e-02  0.0000e+00
 1.3026e-02  0.0000e+00
 1.2954e-02  0.0000e+00
 1.2882e-02  0.0000e+00
 1.2812e-02  0.0000e+00
 1.2741e-02  0.0000e+00
 1.2671e-02  0.0000e+00
 1.2601e-02  0.0000e+00
 1.2531e-02  0.0000e+00
 1.2462e-02  0.0000e+00
 1.2394e-02  0.0000e+00
 1.2325e-02  0.0000e+00
 1.2257e-02  0.0000e+00
 1.2190e-02  0.0000e+00
 1.2123e-02  0.0000e+00
 1.2056e-02  0.0000e+00
 1.1989e-02  0.0000e+00
 1.1923e-02  0.0000e+00
 1.1858e-02  0.0000e+00
 1.1792e-02  0.0000e+00
 1.1727e-02  0.0000e+00
 1.1663e-02  0.0000e+00
 1.1598e-02  0.0000e+00
 1.1535e-02  0.0000e+00
 1.1471e-02  0.0000e+00
 1.1408e-02  0.0000e+00
 1.1345e-02  0.0000e+00
 1.1282e-02  0.0000e+00
 1.1220e-02  0.0000e+00
 1.1158e-02  0.0000e+00
 1.1097e-02  0.0000e+00
 1.1036e-02  0.0000e+00
 1.0975e-02  0.0000e+00
 1.0914e-02  0.0000e+00
 1.0854e-02  0.0000e+00
 1.0794e-02  0.0000e+00
 1.0735e-02  0.0000e+00
 1.0676e-02  0.0000e+00
 1.0617e-02  0.0000e+00
 1.0558e-02  0.0000e+00
 1.0500e-02  0.0000e+00
 1.0442e-02  0.0000e+00
 1.0385e-02  0.0000e+00
 1.0328e-02  0.0000e+00
 1.0271e-02  0.0000e+00
 1.0214e-02  0.0000e+00
 1.0158e-02  0.0000e+00
 1.0102e-02  0.0000e+00
 1.0046e-02  0.0000e+00
 9.9908e-03  0.0000e+00
 9.9357e-03  0.0000e+00
 9.8810e-03  0.0000e+00
 9.8265e-03  0.0000e+00
 9.7724e-03  0.0000e+00
 9.7185e-03  0.0000e+00
 9.6650e-03  0.0000e+00
 9.6117e-03  0.0000e+00
 9.5587e-03  0.0000e+00
 9.5060e-03  0.0000e+00
 9.4537e-03  0.0000e+00
 9.4016e-03  0.0000e+00
 9.3497e-03  0.0000e+00
 9.2982e-03  0.0000e+00
 9.2470e-03  0.0000e+00
 9.1960e-03  0.0000e+00
 9.1453e-03  0.0000e+00
 9.0949e-03  0.0000e+00
 9.0448e-03  0.0000e+00
 8.9950e-03  0.0000e+00
 8.9454e-03  0.0000e+00
 8.8961e-03  0.0000e+00
 8.8471e-03  0.0000e+00
 8.7983e-03  0.0000e+00
 8.7498e-03  0.0000e+00
 8.7016e-03  0.0000e+00
 8.6537e-03  0.0000e+00
 8.6060e-03  0.0000e+00
 8.5585e-03  0.0000e+00
 8.5114e-03  0.0000e+00
 8.4645e-03  0.0000e+00
 8.4178e-03  0.0000e+00
 8.3714e-03  0.0000e+00
 8.3253e-03  0.0000e+00
 8.2794e-03  0.0000e+00
 8.2338e-03  0.0000e+00
 8.1884e-03  0.0000e+00
 8.1433e-03  0.0000e+00
 8.0984e-03  0.0000e+00
 8.0538e-03  0.0000e+00
 8.0094e-03  0.0000e+00
 7.9653e-03  0.0000e+00
 7.9214e-03  0.0000e+00
 7.8777e-03  0.0000e+00
 7.8343e-03  0.0000e+00
 7.7911e-03  0.0000e+00
 7.7482e-03  0.0000e+00
 7.7055e-03  0.0000e+00
 7.6630e-03  0.0000e+00
 7.6208e-03  0.0000e+00
 7.5788e-03  0.0000e+00
 7.5370e-03  0.0000e+00
 7.4955e-03  0.0000e+00
 7.4542e-03  0.0000e+00
 7.4131e-03  0.0000e+00
 7.3722e-03  0.0000e+00
 7.3316e-03  0.0000e+00
 7.2912e-03  0.0000e+00
 7.2510e-03  0.0000e+00
 7.2111e-03  0.0000e+00
 7.1713e-03  0.0000e+00
 7.1318e-03  0.0000e+00
 7.0925e-03  0.0000e+00
 7.0534e-03  0.0000e+00
 7.0146e-03  0.0000e+00
 6.9759e-03  0.0000e+00
 6.9375e-03  0.0000e+00
 6.8992e-03  0.0000e+00
 6.8612e-03  0.0000e+00
 6.8234e-03  0.0000e+00
 6.7858e-03  0.0000e+00
 6.7484e-03  0.0000e+00
 6.7112e-03  0.0000e+00
 6.6742e-03  0.0000e+00
 6.6374e-03  0.0000e+00
 6.6009e-03  0.0000e+00
 6.5645e-03  0.0000e+00
 6.5283e-03  0.0000e+00
 6.4923e-03  0.0000e+00
 6.4565e-03  0.0000e+00
 6.4210e-03  0.0000e+00
 6.3856e-03  0.0000e+00
 6.3504e-03  0.0000e+00
 6.3154e-03  0.0000e+00
 6.2806e-03  0.0000e+00
 6.2460e-03  0.0000e+00
 6.2116e-03  0.0000e+00
 6.1773e-03  0.0000e+00
 6.1433e-03  0.0000e+00
 6.1094e-03  0.0000e+00
 6.0758e-03  0.0000e+00
 6.0423e-03  0.0000e+00
 6.0090e-03  0.0000e+00
 5.9759e-03  0.0000e+00
 5.9429e-03  0.0000e+00
 5.9102e-03  0.0000e+00
 5.8776e-03  0.0000e+00
 5.8452e-03  0.0000e+00
 5.8130e-03  0.0000e+00
 5.7810e-03  0.0000e+00
 5.7491e-03  0.0000e+00
 5.7174e-03  0.0000e+00
 5.6859e-03  0.0000e+00
 5.6546e-03  0.0000e+00
 5.6234e-03  0.0000e+00
 5.5924e-03  0.0000e+00
 5.5616e-03  0.0000e+00
 5.5310e-03  0.0000e+00
 5.5005e-03  0.0000e+00
 5.4702e-03  0.0000e+00
 5.4400e-03  0.0000e+00
 5.4100e-03  0.0000e+00
 5.3802e-03  0.0000e+00
 5.3506e-03  0.0000e+00
 5.3211e-03  0.0000e+00
 5.2918e-03  0.0000e+00
 5.2626e-03  0.0000e+00
 5.2336e-03  0.0000e+00
 5.2048e-03  0.0000e+00
 5.1761e-03  0.0000e+00
 5.1475e-03  0.0000e+00
 5.1192e-03  0.0000e+00
 5.0910e-03  0.0000e+00
 5.0629e-03  0.0000e+00
 5.0350e-03  0.0000e+00
 5.0073e-03  0.0000e+00
 4.9797e-03  0.0000e+00
 4.9522e-03  0.0000e+00
 4.9249e-03  0.0000e+00
 4.8978e-03  0.0000e+00
 4.8708e-03  0.0000e+00
 4.8440e-03  0.0000e+00
 4.8173e-03  0.0000e+00
 4.7907e-03  0.0000e+00
 4.7643e-03  0.0000e+00
 4.7381e-03  0.0000e+00
 4.7119e-03  0.0000e+00
 4.6860e-03  0.0000e+00
 4.6602e-03  0.0000e+00
 4.6345e-03  0.0000e+00
 4.6089e-03  0.0000e+00
 4.5835e-03  0.0000e+00
 4.5583e-03  0.0000e+00
 4.5331e-03  0.0000e+00
 4.5082e-03  0.0000e+00
 4.4833e-03  0.0000e+00
 4.4586e-03  0.0000e+00
 4.4340e-03  0.0000e+00
 4.4096e-03  0.0000e+00
 4.3853e-03  0.0000e+00
 4.3611e-03  0.0000e+00
 4.3371e-03  0.0000e+00
 4.3132e-03  0.0000e+00
 4.2894e-03  0.0000e+00
 4.2658e-03  0.0000e+00
 4.2423e-03  0.0000e+00
 4.2189e-03  0.0000e+00
 4.1957e-03  0.0000e+00
 4.1725e-03  0.0000e+00
 4.1495e-03  0.0000e+00
 4.1267e-03  0.0000e+00
 4.1039e-03  0.0000e+00
 4.0813e-03  0.0000e+00
 4.0588e-03  0.0000e+00
 4.0365e-03  0.0000e+00
 4.0142e-03  0.0000e+00
 3.9921e-03  0.0000e+00
 3.9701e-03  0.0000e+00
 3.9482e-03  0.0000e+00
 3.9264e-03  0.0000e+00
 3.9048e-03  0.0000e+00
 3.8833e-03  0.0000e+00
 3.8619e-03  0.0000e+00
 3.8406e-03  0.0000e+00
 3.8194e-03  0.0000e+00
 3.7984e-03  0.0000e+00
 3.7775e-03  0.0000e+00
 3.7566e-03  0.0000e+00
 3.7359e-03  0.0000e+00
 3.7154e-03  0.0000e+00
 3.6949e-03  0.0000e+00
 3.6745e-03  0.0000e+00
 3.6543e-03  0.0000e+00
 3.6341e-03  0.0000e+00
 3.6141e-03  0.0000e+00
 3.5942e-03  0.0000e+00
 3.5744e-03  0.0000e+00
 3.5547e-03  0.0000e+00
 3.5351e-03  0.0000e+00
 3.5156e-03  0.0000e+00
 3.4962e-03  0.0000e+00
 3.4770e-03  0.0000e+00
 3.4578e-03  0.0000e+00
 3.4387e-03  0.0000e+00
 3.4198e-03  0.0000e+00
 3.4009e-03  0.0000e+00
 3.3822e-03  0.0000e+00
 3.3636e-03  0.0000e+00
 3.3450e-03  0.0000e+00
 3.3266e-03  0.0000e+00
 3.3083e-03  0.0000e+00
 3.2900e-03  0.0000e+00
 3.2719e-03  0.0000e+00
 3.2539e-03  0.0000e+00
 3.2359e-03  0.0000e+00
 3.2181e-03  0.0000e+00
 3.2004e-03  0.0000e+00
 3.1827e-03  0.0000e+00
 3.1652e-03  0.0000e+00
 3.1477e-03  0.0000e+00
 3.1304e-03  0.0000e+00
 3.1131e-03  0.0000e+00
 3.0960e-03  0.0000e+00
 3.0789e-03  0.0000e+00
 3.0620e-03  0.0000e+00
 3.0451e-03  0.0000e+00
 3.0283e-03  0.0000e+00
 3.0116e-03  0.0000e+00
 2.9950e-03  0.0000e+00
 2.9785e-03  0.0000e+00
 2.9621e-03  0.0000e+00
 2.9458e-03  0.0000e+00
 2.9295e-03  0.0000e+00
 2.9134e-03  0.0000e+00
 2.8973e-03  0.0000e+00
 2.8814e-03  0.0000e+00
 2.8655e-03  0.0000e+00
 2.8497e-03  0.0000e+00
 2.8340e-03  0.0000e+00
 2.8184e-03  0.0000e+00
 2.8029e-03  0.0000e+00
 2.7874e-03  0.0000e+00
 2.7720e-03  0.0000e+00
 2.7568e-03  0.0000e+00
 2.7416e-03  0.0000e+00
 2.7265e-03  0.0000e+00
 2.7114e-03  0.0000e+00
 2.6965e-03  0.0000e+00
 2.6816e-03  0.0000e+00
 2.6669e-03  0.0000e+00
 2.6522e-03  0.0000e+00
 2.6375e-03  0.0000e+00
 2.6230e-03  0.0000e+00
 2.6086e-03  0.0000e+00
 2.5942e-03  0.0000e+00
 2.5799e-03  0.0000e+00
 2.5657e-03  0.0000e+00
 2.5515e-03  0.0000e+00
 2.5375e-03  0.0000e+00
 2.5235e-03  0.0000e+00
 2.5096e-03  0.0000e+00
 2.4957e-03  0.0000e+00
 2.4820e-03  0.0000e+00
 2.4683e-03  0.0000e+00
 2.4547e-03  0.0000e+00
 2.4412e-03  0.0000e+00
 2.4277e-03  0.0000e+00
 2.4143e-03  0.0000e+00
 2.4010e-03  0.0000e+00
 2.3878e-03  0.0000e+00
 2.3747e-03  0.0000e+00
 2.3616e-03  0.0000e+00
 2.3486e-03  0.0000e+00
 2.3356e-03  0.0000e+00
 2.3227e-03  0.0000e+00
 2.3099e-03  0.0000e+00
 2.2972e-03  0.0000e+00
 2.2845e-03  0.0000e+00
 2.2720e-03  0.0000e+00
 2.2594e-03  0.0000e+00
 2.2470e-03  0.0000e+00
 2.2346e-03  0.0000e+00
 2.2223e-03  0.0000e+00
 2.2100e-03  0.0000e+00
 2.1979e-03  0.0000e+00
 2.1857e-03  0.0000e+00
 2.1737e-03  0.0000e+00
 2.1617e-03  0.0000e+00
 2.1498e-03  0.0000e+00
 2.1380e-03  0.0000e+00
 2.1262e-03  0.0000e+00
 2.1145e-03  0.0000e+00
 2.1028e-03  0.0000e+00
 2.0912e-03  0.0000e+00
 2.0797e-03  0.0000e+00
 2.0682e-03  0.0000e+00
 2.0568e-03  0.0000e+00
 2.0455e-03  0.0000e+00
 2.0342e-03  0.0000e+00
 2.0230e-03  0.0000e+00
 2.0119e-03  0.0000e+00
 2.0008e-03  0.0000e+00
 1.9898e-03  0.0000e+00
 1.9788e-03  0.0000e+00
 1.9679e-03  0.0000e+00
 1.9570e-03  0.0000e+00
 1.9463e-03  0.0000e+00
 1.9355e-03  0.0000e+00
 1.9249e-03  0.0000e+00
 1.9143e-03  0.0000e+00
 1.9037e-03  0.0000e+00
 1.8932e-03  0.0000e+00
 1.8828e-03  0.0000e+00
 1.8724e-03  0.0000e+00
 1.8621e-03  0.0000e+00
 1.8518e-03  0.0000e+00
 1.8416e-03  0.0000e+00
 1.8315e-03  0.0000e+00
 1.8214e-03  0.0000e+00
 1.8113e-03  0.0000e+00
 1.8014e-03  0.0000e+00
 1.7914e-03  0.0000e+00
 1.7816e-03  0.0000e+00
 1.7717e-03  0.0000e+00
 1.7620e-03  0.0000e+00
 1.7523e-03  0.0000e+00
 1.7426e-03  0.0000e+00
 1.7330e-03  0.0000e+00
 1.7235e-03  0.0000e+00
 1.7140e-03  0.0000e+00
 1.7045e-03  0.0000e+00
 1.6951e-03  0.0000e+00
 1.6858e-03  0.0000e+00
 1.6765e-03  0.0000e+00
 1.6672e-03  0.0000e+00
 1.6581e-03  0.0000e+00
 1.6489e-03  0.0000e+00
 1.6398e-03  0.0000e+00
 1.6308e-03  0.0000e+00
 1.6218e-03  0.0000e+00
 1.6129e-03  0.0000e+00
 1.6040e-03  0.0000e+00
 1.5951e-03  0.0000e+00
 1.5864e-03  0.0000e+00
 1.5776e-03  0.0000e+00
 1.5689e-03  0.0000e+00
 1.5603e-03  0.0000e+00
 1.5517e-03  0.0000e+00
 1.5431e-03  0.0000e+00
 1.5346e-03  0.0000e+00
 1.5262e-03  0.0000e+00
 1.5177e-03  0.0000e+00
 1.5094e-03  0.0000e+00
 1.5011e-03  0.0000e+00
 1.4928e-03  0.0000e+00
 1.4846e-03  0.0000e+00
 1.4764e-03  0.0000e+00
 1.4682e-03  0.0000e+00
 1.4602e-03  0.0000e+00
 1.4521e-03  0.0000e+00
 1.4441e-03  0.0000e+00
 1.4362e-03  0.0000e+00
 1.4282e-03  0.0000e+00
 1.4204e-03  0.0000e+00
 1.4125e-03  0.0000e+00
 1.4048e-03  0.0000e+00
 1.3970e-03  0.0000e+00
 1.3893e-03  0.0000e+00
 1.3817e-03  0.0000e+00
 1.3740e-03  0.0000e+00
 1.3665e-03  0.0000e+00
 1.3589e-03  0.0000e+00
 1.3515e-03  0.0000e+00
 1.3440e-03  0.0000e+00
 1.3366e-03  0.0000e+00
 1.3292e-03  0.0000e+00
 1.3219e-03  0.0000e+00
 1.3146e-03  0.0000e+00
 1.3074e-03  0.0000e+00
 1.3002e-03  0.0000e+00
 1.2930e-03  0.0000e+00
 1.2859e-03  0.0000e+00
 1.2788e-03  0.0000e+00
 1.2717e-03  0.0000e+00
 1.2647e-03  0.0000e+00
 1.2578e-03  0.0000e+00
 1.2508e-03  0.0000e+00
 1.2439e-03  0.0000e+00
 1.2371e-03  0.0000e+00
 1.2303e-03  0.0000e+00
 1.2235e-03  0.0000e+00
 1.2167e-03  0.0000e+00
 1.2100e-03  0.0000e+00
 1.2034e-03  0.0000e+00
 1.1967e-03  0.0000e+00
 1.1901e-03  0.0000e+00
 1.1836e-03  0.0000e+00
 1.1771e-03  0.0000e+00
 1.1706e-03  0.0000e+00
 1.1641e-03  0.0000e+00
 1.1577e-03  0.0000e+00
 1.1513e-03  0.0000e+00
 1.1450e-03  0.0000e+00
 1.1387e-03  0.0000e+00
 1.1324e-03  0.0000e+00
 1.1262e-03  0.0000e+00
 1.1200e-03  0.0000e+00
 1.1138e-03  0.0000e+00
 1.1076e-03  0.0000e+00
 1.1015e-03  0.0000e+00
 1.0955e-03  0.0000e+00
 1.0894e-03  0.0000e+00
 1.0834e-03  0.0000e+00
 1.0775e-03  0.0000e+00
 1.0715e-03  0.0000e+00
 1.0656e-03  0.0000e+00
 1.0597e-03  0.0000e+00
 1.0539e-03  0.0000e+00
 1.0481e-03  0.0000e+00
 1.0423e-03  0.0000e+00
 1.0366e-03  0.0000e+00
 1.0309e-03  0.0000e+00
 1.0252e-03  0.0000e+00
 1.0195e-03  0.0000e+00
 1.0139e-03  0.0000e+00
 1.0083e-03  0.0000e+00
 1.0028e-03  0.0000e+00
