 9.9724e+02  2.7051e-02
 9.9174e+02  2.7549e-02
 9.8628e+02  2.8058e-02
 9.8084e+02  2.8576e-02
 9.7544e+02  2.9104e-02
 9.7006e+02  2.9642e-02
 9.6472e+02  3.0190e-02
 9.5940e+02  3.0750e-02
 9.5411e+02  3.1318e-02
 9.4886e+02  3.1892e-02
 9.4363e+02  3.2482e-02
 9.3843e+02  3.3086e-02
 9.3325e+02  3.3697e-02
 9.2811e+02  3.4315e-02
 9.2300e+02  3.4941e-02
 9.1791e+02  3.5582e-02
 9.1285e+02  3.6239e-02
 9.0782e+02  3.6903e-02
 9.0282e+02  3.7580e-02
 8.9784e+02  3.8277e-02
 8.9289e+02  3.8984e-02
 8.8797e+02  3.9700e-02
 8.8308e+02  4.0424e-02
 8.7821e+02  4.1161e-02
 8.7337e+02  4.1919e-02
 8.6856e+02  4.2687e-02
 8.6377e+02  4.3466e-02
 8.5901e+02  4.4262e-02
 8.5428e+02  4.5071e-02
 8.4957e+02  4.5888e-02
 8.4489e+02  4.6725e-02
 8.4023e+02  4.7584e-02
 8.3560e+02  4.8454e-02
 8.3100e+02  4.9335e-02
 8.2642e+02  5.0225e-02
 8.2186e+02  5.1138e-02
 8.1733e+02  5.2075e-02
 8.1283e+02  5.3022e-02
 8.0835e+02  5.3984e-02
 8.0390e+02  5.4967e-02
 7.9947e+02  5.5962e-02
 7.9506e+02  5.6969e-02
 7.9068e+02  5.7998e-02
 7.8632e+02  5.9048e-02
 7.8199e+02  6.0122e-02
 7.7768e+02  6.1216e-02
 7.7339e+02  6.2329e-02
 7.6913e+02  6.3458e-02
 7.6489e+02  6.4605e-02
 7.6068e+02  6.5768e-02
 7.5648e+02  6.6951e-02
 7.5232e+02  6.8153e-02
 7.4817e+02  6.9382e-02
 7.4405e+02  7.0637e-02
 7.3995e+02  7.1918e-02
 7.3587e+02  7.3218e-02
 7.3181e+02  7.4535e-02
 7.2778e+02  7.5882e-02
 7.2377e+02  7.7257e-02
 7.1978e+02  7.8667e-02
 7.1581e+02  8.0092e-02
 7.1187e+02  8.1533e-02
 7.0795e+02  8.3012e-02
 7.0404e+02  8.4515e-02
 7.0016e+02  8.6026e-02
 6.9631e+02  8.7575e-02
 6.9247e+02  8.9165e-02
 6.8865e+02  9.0782e-02
 6.8486e+02  9.2425e-02
 6.8108e+02  9.4091e-02
 6.7733e+02  9.5784e-02
 6.7360e+02  9.7506e-02
 6.6988e+02  9.9256e-02
 6.6619e+02  1.0104e-01
 6.6252e+02  1.0287e-01
 6.5887e+02  1.0472e-01
 6.5524e+02  1.0660e-01
 6.5163e+02  1.0851e-01
 6.4804e+02  1.1047e-01
 6.4447e+02  1.1248e-01
 6.4091e+02  1.1452e-01
 6.3738e+02  1.1659e-01
 6.3387e+02  1.1871e-01
 6.3038e+02  1.2086e-01
 6.2690e+02  1.2304e-01
 6.2345e+02  1.2525e-01
 6.2001e+02  1.2749e-01
 6.1659e+02  1.2982e-01
 6.1320e+02  1.3219e-01
 6.0982e+02  1.3454e-01
 6.0646e+02  1.3697e-01
 6.0311e+02  1.3948e-01
 5.9979e+02  1.4198e-01
 5.9649e+02  1.4452e-01
 5.9320e+02  1.4716e-01
 5.8993e+02  1.4982e-01
 5.8668e+02  1.5249e-01
 5.8345e+02  1.5527e-01
 5.8023e+02  1.5811e-01
 5.7703e+02  1.6092e-01
 5.7385e+02  1.6383e-01
 5.7069e+02  1.6683e-01
 5.6754e+02  1.6981e-01
 5.6442e+02  1.7285e-01
 5.6131e+02  1.7603e-01
 5.5821e+02  1.7922e-01
 5.5514e+02  1.8242e-01
 5.5208e+02  1.8569e-01
 5.4903e+02  1.8903e-01
 5.4601e+02  1.9247e-01
 5.4300e+02  1.9597e-01
 5.4001e+02  1.9951e-01
 5.3703e+02  2.0314e-01
 5.3407e+02  2.0684e-01
 5.3113e+02  2.1058e-01
 5.2820e+02  2.1436e-01
 5.2529e+02  2.1820e-01
 5.2240e+02  2.2214e-01
 5.1952e+02  2.2615e-01
 5.1665e+02  2.3020e-01
 5.1381e+02  2.3435e-01
 5.1098e+02  2.3860e-01
 5.0816e+02  2.4290e-01
 5.0536e+02  2.4728e-01
 5.0257e+02  2.5177e-01
 4.9980e+02  2.5632e-01
 4.9705e+02  2.6092e-01
 4.9431e+02  2.6559e-01
 4.9159e+02  2.7035e-01
 4.8888e+02  2.7522e-01
 4.8618e+02  2.8022e-01
 4.8350e+02  2.8535e-01
 4.8084e+02  2.9044e-01
 4.7819e+02  2.9561e-01
 4.7555e+02  3.0090e-01
 4.7293e+02  3.0633e-01
 4.7033e+02  3.1191e-01
 4.6774e+02  3.1754e-01
 4.6516e+02  3.2324e-01
 4.6259e+02  3.2902e-01
 4.6004e+02  3.3493e-01
 4.5751e+02  3.4098e-01
 4.5499e+02  3.4710e-01
 4.5248e+02  3.5330e-01
 4.4999e+02  3.5958e-01
 4.4751e+02  3.6600e-01
 4.4504e+02  3.7260e-01
 4.4259e+02  3.7937e-01
 4.4015e+02  3.8625e-01
 4.3772e+02  3.9307e-01
 4.3531e+02  4.0006e-01
 4.3291e+02  4.0721e-01
 4.3053e+02  4.1445e-01
 4.2815e+02  4.2183e-01
 4.2579e+02  4.2943e-01
 4.2345e+02  4.3713e-01
 4.2111e+02  4.4492e-01
 4.1879e+02  4.5296e-01
 4.1649e+02  4.6111e-01
 4.1419e+02  4.6917e-01
 4.1191e+02  4.7755e-01
 4.0964e+02  4.8626e-01
 4.0738e+02  4.9490e-01
 4.0514e+02  5.0365e-01
 4.0290e+02  5.1267e-01
 4.0068e+02  5.2180e-01
 3.9847e+02  5.3105e-01
 3.9628e+02  5.4061e-01
 3.9409e+02  5.5030e-01
 3.9192e+02  5.5987e-01
 3.8976e+02  5.6982e-01
 3.8761e+02  5.8017e-01
 3.8548e+02  5.9046e-01
 3.8335e+02  6.0089e-01
 3.8124e+02  6.1157e-01
 3.7914e+02  6.2240e-01
 3.7705e+02  6.3339e-01
 3.7497e+02  6.4478e-01
 3.7291e+02  6.5630e-01
 3.7085e+02  6.6765e-01
 3.6881e+02  6.7930e-01
 3.6678e+02  6.9130e-01
 3.6475e+02  7.0370e-01
 3.6274e+02  7.1626e-01
 3.6074e+02  7.2864e-01
 3.5876e+02  7.4152e-01
 3.5678e+02  7.5495e-01
 3.5481e+02  7.6825e-01
 3.5286e+02  7.8162e-01
 3.5091e+02  7.9507e-01
 3.4898e+02  8.0891e-01
 3.4706e+02  8.2321e-01
 3.4514e+02  8.3796e-01
 3.4324e+02  8.5291e-01
 3.4135e+02  8.6769e-01
 3.3947e+02  8.8283e-01
 3.3760e+02  8.9835e-01
 3.3574e+02  9.1407e-01
 3.3389e+02  9.2998e-01
 3.3205e+02  9.4599e-01
 3.3022e+02  9.6249e-01
 3.2840e+02  9.7951e-01
 3.2659e+02  9.9663e-01
 3.2479e+02  1.0140e+00
 3.2300e+02  1.0315e+00
 3.2122e+02  1.0495e+00
 3.1945e+02  1.0680e+00
 3.1769e+02  1.0862e+00
 3.1594e+02  1.1046e+00
 3.1420e+02  1.1238e+00
 3.1246e+02  1.1434e+00
 3.1074e+02  1.1636e+00
 3.0903e+02  1.1834e+00
 3.0733e+02  1.2036e+00
 3.0563e+02  1.2244e+00
 3.0395e+02  1.2455e+00
 3.0227e+02  1.2668e+00
 3.0061e+02  1.2884e+00
 2.9895e+02  1.3104e+00
 2.9730e+02  1.3331e+00
 2.9567e+02  1.3561e+00
 2.9404e+02  1.3795e+00
 2.9242e+02  1.4029e+00
 2.9080e+02  1.4267e+00
 2.8920e+02  1.4507e+00
 2.8761e+02  1.4754e+00
 2.8602e+02  1.5008e+00
 2.8445e+02  1.5257e+00
 2.8288e+02  1.5508e+00
 2.8132e+02  1.5769e+00
 2.7977e+02  1.6040e+00
 2.7823e+02  1.6318e+00
 2.7669e+02  1.6590e+00
 2.7517e+02  1.6865e+00
 2.7365e+02  1.7151e+00
 2.7214e+02  1.7441e+00
 2.7064e+02  1.7734e+00
 2.6915e+02  1.8030e+00
 2.6767e+02  1.8332e+00
 2.6620e+02  1.8646e+00
 2.6473e+02  1.8958e+00
 2.6327e+02  1.9267e+00
 2.6182e+02  1.9587e+00
 2.6038e+02  1.9915e+00
 2.5894e+02  2.0245e+00
 2.5751e+02  2.0585e+00
 2.5609e+02  2.0934e+00
 2.5468e+02  2.1273e+00
 2.5328e+02  2.1614e+00
 2.5188e+02  2.1969e+00
 2.5050e+02  2.2323e+00
 2.4912e+02  2.2677e+00
 2.4774e+02  2.3028e+00
 2.4638e+02  2.3380e+00
 2.4502e+02  2.3731e+00
 2.4367e+02  2.4091e+00
 2.4233e+02  2.4460e+00
 2.4099e+02  2.4830e+00
 2.3966e+02  2.5202e+00
 2.3834e+02  2.5569e+00
 2.3703e+02  2.5938e+00
 2.3572e+02  2.6310e+00
 2.3442e+02  2.6683e+00
 2.3313e+02  2.7062e+00
 2.3185e+02  2.7456e+00
 2.3057e+02  2.7855e+00
 2.2930e+02  2.8256e+00
 2.2803e+02  2.8658e+00
 2.2678e+02  2.9064e+00
 2.2553e+02  2.9471e+00
 2.2428e+02  2.9880e+00
 2.2305e+02  3.0291e+00
 2.2182e+02  3.0721e+00
 2.2060e+02  3.1160e+00
 2.1938e+02  3.1599e+00
 2.1817e+02  3.2041e+00
 2.1697e+02  3.2486e+00
 2.1577e+02  3.2931e+00
 2.1459e+02  3.3380e+00
 2.1340e+02  3.3830e+00
 2.1223e+02  3.4293e+00
 2.1106e+02  3.4769e+00
 2.0989e+02  3.5230e+00
 2.0874e+02  3.5694e+00
 2.0759e+02  3.6178e+00
 2.0644e+02  3.6664e+00
 2.0531e+02  3.7151e+00
 2.0417e+02  3.7641e+00
 2.0305e+02  3.8139e+00
 2.0193e+02  3.8659e+00
 2.0082e+02  3.9170e+00
 1.9971e+02  3.9671e+00
 1.9861e+02  4.0191e+00
 1.9751e+02  4.0721e+00
 1.9643e+02  4.1253e+00
 1.9534e+02  4.1787e+00
 1.9427e+02  4.2324e+00
 1.9320e+02  4.2860e+00
 1.9213e+02  4.3399e+00
 1.9107e+02  4.3940e+00
 1.9002e+02  4.4499e+00
 1.8897e+02  4.5077e+00
 1.8793e+02  4.5659e+00
 1.8690e+02  4.6242e+00
 1.8587e+02  4.6821e+00
 1.8484e+02  4.7407e+00
 1.8382e+02  4.8000e+00
 1.8281e+02  4.8585e+00
 1.8180e+02  4.9174e+00
 1.8080e+02  4.9771e+00
 1.7980e+02  5.0365e+00
 1.7881e+02  5.0959e+00
 1.7783e+02  5.1586e+00
 1.7685e+02  5.2229e+00
 1.7587e+02  5.2872e+00
 1.7490e+02  5.3515e+00
 1.7394e+02  5.4157e+00
 1.7298e+02  5.4803e+00
 1.7203e+02  5.5455e+00
 1.7108e+02  5.6109e+00
 1.7014e+02  5.6763e+00
 1.6920e+02  5.7419e+00
 1.6827e+02  5.8112e+00
 1.6734e+02  5.8821e+00
 1.6642e+02  5.9534e+00
 1.6550e+02  6.0223e+00
 1.6459e+02  6.0896e+00
 1.6368e+02  6.1609e+00
 1.6278e+02  6.2337e+00
 1.6188e+02  6.3058e+00
 1.6099e+02  6.3811e+00
 1.6010e+02  6.4598e+00
 1.5922e+02  6.5351e+00
 1.5834e+02  6.6100e+00
 1.5747e+02  6.6854e+00
 1.5660e+02  6.7635e+00
 1.5574e+02  6.8449e+00
 1.5488e+02  6.9273e+00
 1.5403e+02  7.0105e+00
 1.5318e+02  7.0939e+00
 1.5234e+02  7.1781e+00
 1.5150e+02  7.2633e+00
 1.5066e+02  7.3489e+00
 1.4983e+02  7.4349e+00
 1.4900e+02  7.5210e+00
 1.4818e+02  7.6076e+00
 1.4737e+02  7.6948e+00
 1.4655e+02  7.7864e+00
 1.4575e+02  7.8781e+00
 1.4494e+02  7.9643e+00
 1.4415e+02  8.0517e+00
 1.4335e+02  8.1409e+00
 1.4256e+02  8.2269e+00
 1.4178e+02  8.3108e+00
 1.4099e+02  8.3901e+00
 1.4022e+02  8.4663e+00
 1.3944e+02  8.5392e+00
 1.3868e+02  8.6056e+00
 1.3791e+02  8.6697e+00
 1.3715e+02  8.7321e+00
 1.3640e+02  8.7878e+00
 1.3564e+02  8.8378e+00
 1.3490e+02  8.8870e+00
 1.3415e+02  8.9345e+00
 1.3341e+02  8.9777e+00
 1.3268e+02  9.0214e+00
 1.3195e+02  9.0661e+00
 1.3122e+02  9.1111e+00
 1.3050e+02  9.1558e+00
 1.2978e+02  9.1994e+00
 1.2906e+02  9.2429e+00
 1.2835e+02  9.2865e+00
 1.2764e+02  9.3346e+00
 1.2694e+02  9.3833e+00
 1.2624e+02  9.4286e+00
 1.2555e+02  9.4738e+00
 1.2485e+02  9.5190e+00
 1.2417e+02  9.5693e+00
 1.2348e+02  9.6211e+00
 1.2280e+02  9.6717e+00
 1.2212e+02  9.7204e+00
 1.2145e+02  9.7679e+00
 1.2078e+02  9.8182e+00
 1.2012e+02  9.8698e+00
 1.1945e+02  9.9217e+00
 1.1880e+02  9.9731e+00
 1.1814e+02  1.0024e+01
 1.1749e+02  1.0075e+01
 1.1684e+02  1.0127e+01
 1.1620e+02  1.0181e+01
 1.1556e+02  1.0233e+01
 1.1492e+02  1.0283e+01
 1.1429e+02  1.0336e+01
 1.1366e+02  1.0389e+01
 1.1303e+02  1.0436e+01
 1.1241e+02  1.0486e+01
 1.1179e+02  1.0540e+01
 1.1117e+02  1.0593e+01
 1.1056e+02  1.0644e+01
 1.0995e+02  1.0690e+01
 1.0935e+02  1.0737e+01
 1.0874e+02  1.0788e+01
 1.0814e+02  1.0836e+01
 1.0755e+02  1.0886e+01
 1.0695e+02  1.0939e+01
 1.0637e+02  1.0989e+01
 1.0578e+02  1.1037e+01
 1.0520e+02  1.1082e+01
 1.0462e+02  1.1127e+01
 1.0404e+02  1.1176e+01
 1.0347e+02  1.1221e+01
 1.0290e+02  1.1263e+01
 1.0233e+02  1.1308e+01
 1.0177e+02  1.1352e+01
 1.0120e+02  1.1390e+01
 1.0065e+02  1.1430e+01
 1.0009e+02  1.1472e+01
 9.9541e+01  1.1511e+01
 9.8992e+01  1.1549e+01
 9.8446e+01  1.1586e+01
 9.7904e+01  1.1622e+01
 9.7364e+01  1.1657e+01
 9.6828e+01  1.1692e+01
 9.6294e+01  1.1727e+01
 9.5763e+01  1.1759e+01
 9.5236e+01  1.1790e+01
 9.4711e+01  1.1821e+01
 9.4189e+01  1.1850e+01
 9.3670e+01  1.1879e+01
 9.3154e+01  1.1906e+01
 9.2640e+01  1.1932e+01
 9.2130e+01  1.1956e+01
 9.1622e+01  1.1980e+01
 9.1117e+01  1.2003e+01
 9.0615e+01  1.2023e+01
 9.0116e+01  1.2043e+01
 8.9619e+01  1.2063e+01
 8.9125e+01  1.2080e+01
 8.8634e+01  1.2097e+01
 8.8145e+01  1.2113e+01
 8.7660e+01  1.2127e+01
 8.7177e+01  1.2141e+01
 8.6696e+01  1.2153e+01
 8.6218e+01  1.2164e+01
 8.5743e+01  1.2175e+01
 8.5271e+01  1.2183e+01
 8.4801e+01  1.2189e+01
 8.4333e+01  1.2195e+01
 8.3869e+01  1.2200e+01
 8.3407e+01  1.2203e+01
 8.2947e+01  1.2205e+01
 8.2490e+01  1.2206e+01
 8.2035e+01  1.2206e+01
 8.1583e+01  1.2204e+01
 8.1133e+01  1.2201e+01
 8.0686e+01  1.2197e+01
 8.0242e+01  1.2192e+01
 7.9799e+01  1.2185e+01
 7.9360e+01  1.2177e+01
 7.8922e+01  1.2168e+01
 7.8487e+01  1.2157e+01
 7.8055e+01  1.2143e+01
 7.7625e+01  1.2130e+01
 7.7197e+01  1.2116e+01
 7.6771e+01  1.2099e+01
 7.6348e+01  1.2082e+01
 7.5928e+01  1.2064e+01
 7.5509e+01  1.2043e+01
 7.5093e+01  1.2021e+01
 7.4679e+01  1.1999e+01
 7.4268e+01  1.1974e+01
 7.3858e+01  1.1947e+01
 7.3451e+01  1.1920e+01
 7.3047e+01  1.1892e+01
 7.2644e+01  1.1860e+01
 7.2244e+01  1.1828e+01
 7.1846e+01  1.1796e+01
 7.1450e+01  1.1763e+01
 7.1056e+01  1.1728e+01
 7.0664e+01  1.1692e+01
 7.0275e+01  1.1656e+01
 6.9888e+01  1.1619e+01
 6.9502e+01  1.1581e+01
 6.9119e+01  1.1541e+01
 6.8738e+01  1.1498e+01
 6.8360e+01  1.1455e+01
 6.7983e+01  1.1411e+01
 6.7608e+01  1.1364e+01
 6.7236e+01  1.1317e+01
 6.6865e+01  1.1270e+01
 6.6497e+01  1.1222e+01
 6.6130e+01  1.1173e+01
 6.5766e+01  1.1122e+01
 6.5403e+01  1.1071e+01
 6.5043e+01  1.1019e+01
 6.4684e+01  1.0965e+01
 6.4328e+01  1.0911e+01
 6.3973e+01  1.0855e+01
 6.3621e+01  1.0798e+01
 6.3270e+01  1.0740e+01
 6.2922e+01  1.0682e+01
 6.2575e+01  1.0623e+01
 6.2230e+01  1.0564e+01
 6.1887e+01  1.0504e+01
 6.1546e+01  1.0443e+01
 6.1207e+01  1.0381e+01
 6.0870e+01  1.0319e+01
 6.0534e+01  1.0255e+01
 6.0200e+01  1.0191e+01
 5.9869e+01  1.0126e+01
 5.9539e+01  1.0060e+01
 5.9211e+01  9.9939e+00
 5.8884e+01  9.9269e+00
 5.8560e+01  9.8595e+00
 5.8237e+01  9.7910e+00
 5.7916e+01  9.7223e+00
 5.7597e+01  9.6533e+00
 5.7280e+01  9.5826e+00
 5.6964e+01  9.5116e+00
 5.6650e+01  9.4429e+00
 5.6338e+01  9.3701e+00
 5.6027e+01  9.2989e+00
 5.5719e+01  9.2276e+00
 5.5412e+01  9.1562e+00
 5.5106e+01  9.0837e+00
 5.4802e+01  9.0109e+00
 5.4500e+01  8.9377e+00
 5.4200e+01  8.8644e+00
 5.3901e+01  8.7911e+00
 5.3604e+01  8.7165e+00
 5.3309e+01  8.6425e+00
 5.3015e+01  8.5700e+00
 5.2723e+01  8.4951e+00
 5.2432e+01  8.4208e+00
 5.2143e+01  8.3454e+00
 5.1856e+01  8.2710e+00
 5.1570e+01  8.1975e+00
 5.1286e+01  8.1219e+00
 5.1004e+01  8.0462e+00
 5.0722e+01  7.9713e+00
 5.0443e+01  7.8957e+00
 5.0165e+01  7.8196e+00
 4.9888e+01  7.7446e+00
 4.9614e+01  7.6702e+00
 4.9340e+01  7.5953e+00
 4.9068e+01  7.5199e+00
 4.8798e+01  7.4460e+00
 4.8529e+01  7.3714e+00
 4.8261e+01  7.2935e+00
 4.7995e+01  7.2193e+00
 4.7731e+01  7.1450e+00
 4.7468e+01  7.0704e+00
 4.7206e+01  6.9947e+00
 4.6946e+01  6.9195e+00
 4.6687e+01  6.8455e+00
 4.6430e+01  6.7717e+00
 4.6174e+01  6.6978e+00
 4.5920e+01  6.6236e+00
 4.5667e+01  6.5498e+00
 4.5415e+01  6.4759e+00
 4.5165e+01  6.4031e+00
 4.4916e+01  6.3312e+00
 4.4668e+01  6.2582e+00
 4.4422e+01  6.1848e+00
 4.4177e+01  6.1103e+00
 4.3934e+01  6.0372e+00
 4.3692e+01  5.9657e+00
 4.3451e+01  5.8936e+00
 4.3212e+01  5.8216e+00
 4.2973e+01  5.7495e+00
 4.2737e+01  5.6774e+00
 4.2501e+01  5.6053e+00
 4.2267e+01  5.5332e+00
 4.2034e+01  5.4612e+00
 4.1802e+01  5.3882e+00
 4.1572e+01  5.3178e+00
 4.1343e+01  5.2463e+00
 4.1115e+01  5.1734e+00
 4.0888e+01  5.1008e+00
 4.0663e+01  5.0302e+00
 4.0439e+01  4.9589e+00
 4.0216e+01  4.8870e+00
 3.9994e+01  4.8157e+00
 3.9774e+01  4.7444e+00
 3.9555e+01  4.6716e+00
 3.9337e+01  4.6002e+00
 3.9120e+01  4.5302e+00
 3.8905e+01  4.4577e+00
 3.8690e+01  4.3856e+00
 3.8477e+01  4.3148e+00
 3.8265e+01  4.2433e+00
 3.8054e+01  4.1711e+00
 3.7844e+01  4.0994e+00
 3.7636e+01  4.0278e+00
 3.7428e+01  3.9549e+00
 3.7222e+01  3.8835e+00
 3.7017e+01  3.8134e+00
 3.6813e+01  3.7421e+00
 3.6610e+01  3.6705e+00
 3.6408e+01  3.5976e+00
 3.6208e+01  3.5260e+00
 3.6008e+01  3.4557e+00
 3.5810e+01  3.3830e+00
 3.5612e+01  3.3106e+00
 3.5416e+01  3.2400e+00
 3.5221e+01  3.1701e+00
 3.5027e+01  3.1008e+00
 3.4834e+01  3.0302e+00
 3.4642e+01  2.9597e+00
 3.4451e+01  2.8882e+00
 3.4261e+01  2.8184e+00
 3.4072e+01  2.7504e+00
 3.3884e+01  2.6814e+00
 3.3698e+01  2.6133e+00
 3.3512e+01  2.5459e+00
 3.3327e+01  2.4795e+00
 3.3144e+01  2.4140e+00
 3.2961e+01  2.3479e+00
 3.2779e+01  2.2826e+00
 3.2599e+01  2.2183e+00
 3.2419e+01  2.1551e+00
 3.2240e+01  2.0932e+00
 3.2063e+01  2.0309e+00
 3.1886e+01  1.9702e+00
 3.1710e+01  1.9122e+00
 3.1536e+01  1.8553e+00
 3.1362e+01  1.7978e+00
 3.1189e+01  1.7405e+00
 3.1017e+01  1.6849e+00
 3.0846e+01  1.6326e+00
 3.0676e+01  1.5802e+00
 3.0507e+01  1.5312e+00
 3.0339e+01  1.4790e+00
 3.0172e+01  1.4308e+00
 3.0005e+01  1.3840e+00
 2.9840e+01  1.3380e+00
 2.9676e+01  1.2929e+00
 2.9512e+01  1.2492e+00
 2.9349e+01  1.2072e+00
 2.9188e+01  1.1668e+00
 2.9027e+01  1.1279e+00
 2.8867e+01  1.0904e+00
 2.8708e+01  1.0533e+00
 2.8550e+01  1.0178e+00
 2.8392e+01  9.8463e-01
 2.8236e+01  9.5233e-01
 2.8080e+01  9.2075e-01
 2.7925e+01  8.8961e-01
 2.7772e+01  8.5987e-01
 2.7618e+01  8.3225e-01
 2.7466e+01  8.0536e-01
 2.7315e+01  7.7911e-01
 2.7164e+01  7.5412e-01
 2.7015e+01  7.3259e-01
 2.6866e+01  7.0772e-01
 2.6718e+01  6.8567e-01
 2.6571e+01  6.6422e-01
 2.6424e+01  6.4450e-01
 2.6278e+01  6.2572e-01
 2.6134e+01  6.0721e-01
 2.5990e+01  5.8961e-01
 2.5846e+01  5.7290e-01
 2.5704e+01  5.5652e-01
 2.5562e+01  5.4097e-01
 2.5421e+01  5.2665e-01
 2.5281e+01  5.1279e-01
 2.5142e+01  4.9933e-01
 2.5003e+01  4.8652e-01
 2.4866e+01  4.7436e-01
 2.4729e+01  4.6288e-01
 2.4592e+01  4.5200e-01
 2.4457e+01  4.4166e-01
 2.4322e+01  4.3159e-01
 2.4188e+01  4.2192e-01
 2.4055e+01  4.1271e-01
 2.3922e+01  4.0394e-01
 2.3790e+01  3.9558e-01
 2.3659e+01  3.8766e-01
 2.3529e+01  3.8015e-01
 2.3399e+01  3.7307e-01
 2.3270e+01  3.6625e-01
 2.3142e+01  3.5965e-01
 2.3014e+01  3.5329e-01
 2.2888e+01  3.4722e-01
 2.2761e+01  3.4146e-01
 2.2636e+01  3.3600e-01
 2.2511e+01  3.3081e-01
 2.2387e+01  3.2583e-01
 2.2264e+01  3.2103e-01
 2.2141e+01  3.1637e-01
 2.2019e+01  3.1194e-01
 2.1898e+01  3.0775e-01
 2.1777e+01  3.0379e-01
 2.1657e+01  3.0004e-01
 2.1538e+01  2.9651e-01
 2.1419e+01  2.9313e-01
 2.1301e+01  2.8987e-01
 2.1184e+01  2.8663e-01
 2.1067e+01  2.8355e-01
 2.0951e+01  2.8069e-01
 2.0835e+01  2.7793e-01
 2.0720e+01  2.7526e-01
 2.0606e+01  2.7277e-01
 2.0493e+01  2.7040e-01
 2.0380e+01  2.6816e-01
 2.0267e+01  2.6589e-01
 2.0156e+01  2.6362e-01
 2.0045e+01  2.6161e-01
 1.9934e+01  2.5975e-01
 1.9824e+01  2.5800e-01
 1.9715e+01  2.5648e-01
 1.9606e+01  2.5519e-01
 1.9498e+01  2.5440e-01
 1.9391e+01  2.5409e-01
 1.9284e+01  2.5475e-01
 1.9178e+01  2.5737e-01
 1.9072e+01  2.6197e-01
 1.8967e+01  2.6596e-01
 1.8863e+01  2.6709e-01
 1.8759e+01  2.5966e-01
 1.8655e+01  2.5440e-01
 1.8552e+01  2.5178e-01
 1.8450e+01  2.5254e-01
 1.8348e+01  2.5200e-01
 1.8247e+01  2.5408e-01
 1.8147e+01  2.5790e-01
 1.8047e+01  2.6348e-01
 1.7947e+01  2.7189e-01
 1.7848e+01  2.7990e-01
 1.7750e+01  2.8211e-01
 1.7652e+01  2.8794e-01
 1.7555e+01  2.9966e-01
 1.7458e+01  3.2003e-01
 1.7362e+01  3.3853e-01
 1.7266e+01  3.3747e-01
 1.7171e+01  3.3715e-01
 1.7077e+01  3.3849e-01
 1.6982e+01  3.3551e-01
 1.6889e+01  3.3044e-01
 1.6796e+01  3.2414e-01
 1.6703e+01  3.2025e-01
 1.6611e+01  3.2541e-01
 1.6520e+01  3.4905e-01
 1.6429e+01  3.6148e-01
 1.6338e+01  3.1580e-01
 1.6248e+01  2.8115e-01
 1.6158e+01  2.6162e-01
 1.6069e+01  2.5133e-01
 1.5981e+01  2.4495e-01
 1.5893e+01  2.4071e-01
 1.5805e+01  2.3626e-01
 1.5718e+01  2.3158e-01
 1.5631e+01  2.2803e-01
 1.5545e+01  2.2511e-01
 1.5460e+01  2.2292e-01
 1.5374e+01  2.2108e-01
 1.5290e+01  2.1954e-01
 1.5205e+01  2.1828e-01
 1.5122e+01  2.1718e-01
 1.5038e+01  2.1629e-01
 1.4955e+01  2.1565e-01
 1.4873e+01  2.1526e-01
 1.4791e+01  2.1529e-01
 1.4710e+01  2.1566e-01
 1.4629e+01  2.1681e-01
 1.4548e+01  2.1904e-01
 1.4468e+01  2.2241e-01
 1.4388e+01  2.2924e-01
 1.4309e+01  2.3773e-01
 1.4230e+01  2.4654e-01
 1.4151e+01  2.4799e-01
 1.4073e+01  2.4179e-01
 1.3996e+01  2.3753e-01
 1.3919e+01  2.3650e-01
 1.3842e+01  2.3940e-01
 1.3766e+01  2.4723e-01
 1.3690e+01  2.6003e-01
 1.3614e+01  2.7333e-01
 1.3539e+01  2.8510e-01
 1.3465e+01  2.8747e-01
 1.3391e+01  2.8193e-01
 1.3317e+01  2.7064e-01
 1.3243e+01  2.6223e-01
 1.3170e+01  2.5728e-01
 1.3098e+01  2.6097e-01
 1.3026e+01  2.7163e-01
 1.2954e+01  2.9033e-01
 1.2882e+01  3.1955e-01
 1.2812e+01  3.5600e-01
 1.2741e+01  4.0014e-01
 1.2671e+01  4.2639e-01
 1.2601e+01  4.3303e-01
 1.2531e+01  4.0582e-01
 1.2462e+01  3.6987e-01
 1.2394e+01  3.3144e-01
 1.2325e+01  3.0578e-01
 1.2257e+01  2.9225e-01
 1.2190e+01  2.9495e-01
 1.2123e+01  2.9677e-01
 1.2056e+01  3.0500e-01
 1.1989e+01  3.0234e-01
 1.1923e+01  2.9089e-01
 1.1858e+01  2.7396e-01
 1.1792e+01  2.5641e-01
 1.1727e+01  2.4817e-01
 1.1663e+01  2.5071e-01
 1.1598e+01  2.6872e-01
 1.1535e+01  3.0832e-01
 1.1471e+01  3.6421e-01
 1.1408e+01  4.4804e-01
 1.1345e+01  5.3190e-01
 1.1282e+01  6.0505e-01
 1.1220e+01  5.2858e-01
 1.1158e+01  4.0360e-01
 1.1097e+01  2.6991e-01
 1.1036e+01  1.9890e-01
 1.0975e+01  1.6087e-01
 1.0914e+01  1.3603e-01
 1.0854e+01  1.1819e-01
 1.0794e+01  1.0654e-01
 1.0735e+01  9.7272e-02
 1.0676e+01  9.0151e-02
 1.0617e+01  8.3837e-02
 1.0558e+01  7.8778e-02
 1.0500e+01  7.4602e-02
 1.0442e+01  7.1129e-02
 1.0385e+01  6.8206e-02
 1.0328e+01  6.6054e-02
 1.0271e+01  6.4181e-02
 1.0214e+01  6.2568e-02
 1.0158e+01  6.1262e-02
 1.0102e+01  6.0177e-02
 1.0046e+01  5.9209e-02
 9.9908e+00  6.0265e-02
 9.9357e+00  5.7655e-02
 9.8810e+00  5.7055e-02
 9.8265e+00  5.6672e-02
 9.7724e+00  5.6103e-02
 9.7185e+00  5.5846e-02
 9.6650e+00  5.5718e-02
 9.6117e+00  5.5716e-02
 9.5587e+00  5.6164e-02
 9.5060e+00  5.6839e-02
 9.4537e+00  5.6967e-02
 9.4016e+00  5.7921e-02
 9.3497e+00  5.9190e-02
 9.2982e+00  6.0791e-02
 9.2470e+00  6.2903e-02
 9.1960e+00  6.5415e-02
 9.1453e+00  6.8683e-02
 9.0949e+00  7.2748e-02
 9.0448e+00  7.7763e-02
 8.9950e+00  8.5346e-02
 8.9454e+00  9.2775e-02
 8.8961e+00  1.0356e-01
 8.8471e+00  1.1787e-01
 8.7983e+00  1.3649e-01
 8.7498e+00  1.6111e-01
 8.7016e+00  1.8941e-01
 8.6537e+00  2.1555e-01
 8.6060e+00  2.2985e-01
 8.5585e+00  2.2710e-01
 8.5114e+00  2.1457e-01
 8.4645e+00  2.0160e-01
 8.4178e+00  1.9359e-01
 8.3714e+00  1.9099e-01
 8.3253e+00  1.9307e-01
 8.2794e+00  2.0227e-01
 8.2338e+00  2.0874e-01
 8.1884e+00  2.2588e-01
 8.1433e+00  2.4698e-01
 8.0984e+00  2.7743e-01
 8.0538e+00  3.1623e-01
 8.0094e+00  3.6362e-01
 7.9653e+00  4.2057e-01
 7.9214e+00  4.7585e-01
 7.8777e+00  5.2850e-01
 7.8343e+00  5.5370e-01
 7.7911e+00  5.7533e-01
 7.7482e+00  5.7982e-01
 7.7055e+00  6.0078e-01
 7.6630e+00  6.0633e-01
 7.6208e+00  6.0332e-01
 7.5788e+00  5.8484e-01
 7.5370e+00  5.3471e-01
 7.4955e+00  4.7800e-01
 7.4542e+00  4.1828e-01
 7.4131e+00  3.6711e-01
 7.3722e+00  3.2682e-01
 7.3316e+00  2.9224e-01
 7.2912e+00  2.6472e-01
 7.2510e+00  2.4101e-01
 7.2111e+00  2.2068e-01
 7.1713e+00  2.0351e-01
 7.1318e+00  1.8887e-01
 7.0925e+00  1.7678e-01
 7.0534e+00  1.6525e-01
 7.0146e+00  1.5630e-01
 6.9759e+00  1.5072e-01
 6.9375e+00  1.4827e-01
 6.8992e+00  1.4327e-01
 6.8612e+00  1.4129e-01
 6.8234e+00  1.4074e-01
 6.7858e+00  1.4100e-01
 6.7484e+00  1.4182e-01
 6.7112e+00  1.3915e-01
 6.6742e+00  1.3850e-01
 6.6374e+00  1.3433e-01
 6.6009e+00  1.3141e-01
 6.5645e+00  1.2764e-01
 6.5283e+00  1.2784e-01
 6.4923e+00  1.2695e-01
 6.4565e+00  1.3390e-01
 6.4210e+00  1.4393e-01
 6.3856e+00  1.6397e-01
 6.3504e+00  1.9820e-01
 6.3154e+00  2.4679e-01
 6.2806e+00  3.1137e-01
 6.2460e+00  3.7146e-01
 6.2116e+00  3.7725e-01
 6.1773e+00  3.3259e-01
 6.1433e+00  2.5508e-01
 6.1094e+00  1.9610e-01
 6.0758e+00  1.4680e-01
 6.0423e+00  1.1926e-01
 6.0090e+00  9.8843e-02
 5.9759e+00  8.5368e-02
 5.9429e+00  7.7626e-02
 5.9102e+00  7.0687e-02
 5.8776e+00  6.7329e-02
 5.8452e+00  6.5368e-02
 5.8130e+00  6.6378e-02
 5.7810e+00  7.0327e-02
 5.7491e+00  7.0269e-02
 5.7174e+00  7.2765e-02
 5.6859e+00  7.0825e-02
 5.6546e+00  6.5944e-02
 5.6234e+00  5.9456e-02
 5.5924e+00  5.3596e-02
 5.5616e+00  4.8066e-02
 5.5310e+00  4.4959e-02
 5.5005e+00  4.2759e-02
 5.4702e+00  4.3042e-02
 5.4400e+00  4.1679e-02
 5.4100e+00  4.1565e-02
 5.3802e+00  4.2681e-02
 5.3506e+00  4.4399e-02
 5.3211e+00  4.5891e-02
 5.2918e+00  4.6861e-02
 5.2626e+00  4.6412e-02
 5.2336e+00  4.5122e-02
 5.2048e+00  4.1208e-02
 5.1761e+00  3.8595e-02
 5.1475e+00  3.6901e-02
 5.1192e+00  3.4548e-02
 5.0910e+00  3.4520e-02
 5.0629e+00  3.2772e-02
 5.0350e+00  3.3252e-02
 5.0073e+00  3.3995e-02
 4.9797e+00  3.0996e-02
 4.9522e+00  3.1141e-02
 4.9249e+00  3.1429e-02
 4.8978e+00  3.0293e-02
 4.8708e+00  3.1441e-02
 4.8440e+00  3.1406e-02
 4.8173e+00  3.0091e-02
 4.7907e+00  3.0208e-02
 4.7643e+00  2.9403e-02
 4.7381e+00  2.9463e-02
 4.7119e+00  3.0164e-02
 4.6860e+00  2.9200e-02
 4.6602e+00  2.9009e-02
 4.6345e+00  3.0599e-02
 4.6089e+00  2.8999e-02
 4.5835e+00  3.0012e-02
 4.5583e+00  2.8781e-02
 4.5331e+00  2.9381e-02
 4.5082e+00  2.9488e-02
 4.4833e+00  3.0078e-02
 4.4586e+00  3.0248e-02
 4.4340e+00  3.2321e-02
 4.4096e+00  3.0962e-02
 4.3853e+00  3.2357e-02
 4.3611e+00  3.2053e-02
 4.3371e+00  3.2493e-02
 4.3132e+00  3.1476e-02
 4.2894e+00  3.2665e-02
 4.2658e+00  3.4383e-02
 4.2423e+00  3.5856e-02
 4.2189e+00  3.4389e-02
 4.1957e+00  3.5555e-02
 4.1725e+00  3.4481e-02
 4.1495e+00  3.5480e-02
 4.1267e+00  3.5871e-02
 4.1039e+00  3.6201e-02
 4.0813e+00  3.6139e-02
 4.0588e+00  3.7789e-02
 4.0365e+00  3.7116e-02
 4.0142e+00  3.8948e-02
 3.9921e+00  3.7720e-02
 3.9701e+00  3.7586e-02
 3.9482e+00  3.8028e-02
 3.9264e+00  3.8787e-02
 3.9048e+00  3.8136e-02
 3.8833e+00  3.8979e-02
 3.8619e+00  3.8226e-02
 3.8406e+00  3.8585e-02
 3.8194e+00  3.8815e-02
 3.7984e+00  4.0100e-02
 3.7775e+00  4.0081e-02
 3.7566e+00  3.9566e-02
 3.7359e+00  3.8428e-02
 3.7154e+00  3.8720e-02
 3.6949e+00  3.9474e-02
 3.6745e+00  3.9033e-02
 3.6543e+00  4.0500e-02
 3.6341e+00  4.0545e-02
 3.6141e+00  4.0516e-02
 3.5942e+00  3.9924e-02
 3.5744e+00  4.1636e-02
 3.5547e+00  4.3048e-02
 3.5351e+00  4.1175e-02
 3.5156e+00  4.2261e-02
 3.4962e+00  4.1742e-02
 3.4770e+00  4.2742e-02
 3.4578e+00  4.3556e-02
 3.4387e+00  4.5013e-02
 3.4198e+00  4.6188e-02
 3.4009e+00  4.8601e-02
 3.3822e+00  5.2006e-02
 3.3636e+00  5.8447e-02
 3.3450e+00  7.2829e-02
 3.3266e+00  1.0923e-01
 3.3083e+00  1.5857e-01
 3.2900e+00  1.3400e-01
 3.2719e+00  1.0072e-01
 3.2539e+00  6.7927e-02
 3.2359e+00  5.8393e-02
 3.2181e+00  5.1552e-02
 3.2004e+00  4.7140e-02
 3.1827e+00  4.5725e-02
 3.1652e+00  4.5392e-02
 3.1477e+00  4.3764e-02
 3.1304e+00  4.3149e-02
 3.1131e+00  4.3859e-02
 3.0960e+00  4.3644e-02
 3.0789e+00  4.2914e-02
 3.0620e+00  4.5214e-02
 3.0451e+00  4.4356e-02
 3.0283e+00  4.2181e-02
 3.0116e+00  4.3261e-02
 2.9950e+00  4.4456e-02
 2.9785e+00  4.4355e-02
 2.9621e+00  4.3146e-02
 2.9458e+00  4.4637e-02
 2.9295e+00  4.4149e-02
 2.9134e+00  4.4555e-02
 2.8973e+00  4.4497e-02
 2.8814e+00  4.4734e-02
 2.8655e+00  4.4800e-02
 2.8497e+00  4.4161e-02
 2.8340e+00  4.3289e-02
 2.8184e+00  4.6539e-02
 2.8029e+00  4.3887e-02
 2.7874e+00  4.4681e-02
 2.7720e+00  4.5563e-02
 2.7568e+00  4.5497e-02
 2.7416e+00  4.3658e-02
 2.7265e+00  4.5234e-02
 2.7114e+00  4.5605e-02
 2.6965e+00  4.3720e-02
 2.6816e+00  4.5553e-02
 2.6669e+00  4.4955e-02
 2.6522e+00  4.4928e-02
 2.6375e+00  4.6005e-02
 2.6230e+00  4.5080e-02
 2.6086e+00  4.5578e-02
 2.5942e+00  4.6639e-02
 2.5799e+00  4.4006e-02
 2.5657e+00  4.3661e-02
 2.5515e+00  4.2918e-02
 2.5375e+00  4.3321e-02
 2.5235e+00  4.3393e-02
 2.5096e+00  4.3248e-02
 2.4957e+00  4.2473e-02
 2.4820e+00  4.2524e-02
 2.4683e+00  4.7493e-02
 2.4547e+00  4.4377e-02
 2.4412e+00  4.5838e-02
 2.4277e+00  4.6181e-02
 2.4143e+00  4.5047e-02
 2.4010e+00  4.6711e-02
 2.3878e+00  4.6031e-02
 2.3747e+00  4.8001e-02
 2.3616e+00  5.0005e-02
 2.3486e+00  4.9873e-02
 2.3356e+00  5.2589e-02
 2.3227e+00  5.1607e-02
 2.3099e+00  5.5431e-02
 2.2972e+00  5.1082e-02
 2.2845e+00  5.7820e-02
 2.2720e+00  5.9231e-02
 2.2594e+00  5.9863e-02
 2.2470e+00  6.0192e-02
 2.2346e+00  5.9521e-02
 2.2223e+00  6.5497e-02
 2.2100e+00  6.0949e-02
 2.1979e+00  6.2158e-02
 2.1857e+00  6.0416e-02
 2.1737e+00  6.0238e-02
 2.1617e+00  6.3968e-02
 2.1498e+00  6.4378e-02
 2.1380e+00  6.2006e-02
 2.1262e+00  6.4208e-02
 2.1145e+00  6.3577e-02
 2.1028e+00  6.3832e-02
 2.0912e+00  6.2203e-02
 2.0797e+00  6.1836e-02
 2.0682e+00  6.2232e-02
 2.0568e+00  5.9308e-02
 2.0455e+00  5.9876e-02
 2.0342e+00  6.1224e-02
 2.0230e+00  6.3051e-02
 2.0119e+00  5.8790e-02
 2.0008e+00  6.0249e-02
 1.9898e+00  6.1565e-02
 1.9788e+00  6.2252e-02
 1.9679e+00  5.9856e-02
 1.9570e+00  6.1863e-02
 1.9463e+00  6.0435e-02
 1.9355e+00  6.2447e-02
 1.9249e+00  6.3484e-02
 1.9143e+00  6.3468e-02
 1.9037e+00  6.5283e-02
 1.8932e+00  6.3040e-02
 1.8828e+00  6.3468e-02
 1.8724e+00  6.1852e-02
 1.8621e+00  6.6253e-02
 1.8518e+00  6.6954e-02
 1.8416e+00  6.9561e-02
 1.8315e+00  6.4346e-02
 1.8214e+00  6.5347e-02
 1.8113e+00  6.5659e-02
 1.8014e+00  6.5682e-02
 1.7914e+00  6.6694e-02
 1.7816e+00  6.5402e-02
 1.7717e+00  6.8517e-02
 1.7620e+00  6.9144e-02
 1.7523e+00  6.9059e-02
 1.7426e+00  7.1122e-02
 1.7330e+00  7.1069e-02
 1.7235e+00  7.2016e-02
 1.7140e+00  7.3641e-02
 1.7045e+00  7.3177e-02
 1.6951e+00  7.2318e-02
 1.6858e+00  7.3709e-02
 1.6765e+00  7.3569e-02
 1.6672e+00  7.1994e-02
 1.6581e+00  7.4972e-02
 1.6489e+00  7.1972e-02
 1.6398e+00  7.2489e-02
 1.6308e+00  7.0963e-02
 1.6218e+00  7.0311e-02
 1.6129e+00  7.1151e-02
 1.6040e+00  6.9240e-02
 1.5951e+00  6.8403e-02
 1.5864e+00  7.0179e-02
 1.5776e+00  6.7841e-02
 1.5689e+00  7.1865e-02
 1.5603e+00  6.8545e-02
 1.5517e+00  6.9137e-02
 1.5431e+00  6.4473e-02
 1.5346e+00  6.6587e-02
 1.5262e+00  6.4369e-02
 1.5177e+00  6.2149e-02
 1.5094e+00  6.3330e-02
 1.5011e+00  6.2307e-02
 1.4928e+00  6.0181e-02
 1.4846e+00  6.0720e-02
 1.4764e+00  6.3023e-02
 1.4682e+00  5.8027e-02
 1.4602e+00  5.7971e-02
 1.4521e+00  5.9738e-02
 1.4441e+00  5.9702e-02
 1.4362e+00  5.7316e-02
 1.4282e+00  5.7975e-02
 1.4204e+00  5.4519e-02
 1.4125e+00  5.6723e-02
 1.4048e+00  5.5931e-02
 1.3970e+00  5.7456e-02
 1.3893e+00  5.7448e-02
 1.3817e+00  5.7209e-02
 1.3740e+00  5.5909e-02
 1.3665e+00  5.8909e-02
 1.3589e+00  5.6570e-02
 1.3515e+00  5.8468e-02
 1.3440e+00  5.5621e-02
 1.3366e+00  5.6904e-02
 1.3292e+00  5.6715e-02
 1.3219e+00  5.7511e-02
 1.3146e+00  5.9233e-02
 1.3074e+00  5.6653e-02
 1.3002e+00  5.8610e-02
 1.2930e+00  6.0219e-02
 1.2859e+00  6.0734e-02
 1.2788e+00  6.0128e-02
 1.2717e+00  5.9543e-02
 1.2647e+00  5.5708e-02
 1.2578e+00  5.6301e-02
 1.2508e+00  5.5018e-02
 1.2439e+00  5.7800e-02
 1.2371e+00  5.5275e-02
 1.2303e+00  5.4384e-02
 1.2235e+00  5.3815e-02
 1.2167e+00  5.4351e-02
 1.2100e+00  5.5428e-02
 1.2034e+00  5.2578e-02
 1.1967e+00  5.1556e-02
 1.1901e+00  5.5752e-02
 1.1836e+00  5.4088e-02
 1.1771e+00  5.2628e-02
 1.1706e+00  5.3806e-02
 1.1641e+00  5.2475e-02
 1.1577e+00  5.1726e-02
 1.1513e+00  5.1629e-02
 1.1450e+00  5.1709e-02
 1.1387e+00  5.1535e-02
 1.1324e+00  4.8975e-02
 1.1262e+00  5.2165e-02
 1.1200e+00  5.0722e-02
 1.1138e+00  5.0354e-02
 1.1076e+00  4.9091e-02
 1.1015e+00  4.9860e-02
 1.0955e+00  4.6144e-02
 1.0894e+00  4.9207e-02
 1.0834e+00  4.8155e-02
 1.0775e+00  4.7837e-02
 1.0715e+00  4.8137e-02
 1.0656e+00  4.9142e-02
 1.0597e+00  4.9606e-02
 1.0539e+00  4.8637e-02
 1.0481e+00  4.6427e-02
 1.0423e+00  4.9480e-02
 1.0366e+00  4.6444e-02
 1.0309e+00  4.7763e-02
 1.0252e+00  4.9010e-02
 1.0195e+00  4.8863e-02
 1.0139e+00  4.6453e-02
 1.0083e+00  4.5524e-02
 1.0028e+00  4.5968e-02
 9.9724e-01  4.8315e-02
 9.9174e-01  4.7344e-02
 9.8628e-01  4.7810e-02
 9.8084e-01  4.6459e-02
 9.7544e-01  4.6438e-02
 9.7006e-01  4.7640e-02
 9.6472e-01  4.7102e-02
 9.5940e-01  4.7611e-02
 9.5411e-01  4.6255e-02
 9.4886e-01  4.5806e-02
 9.4363e-01  4.5252e-02
 9.3843e-01  4.2229e-02
 9.3325e-01  4.7093e-02
 9.2811e-01  4.0985e-02
 9.2300e-01  4.3519e-02
 9.1791e-01  4.4094e-02
 9.1285e-01  4.4890e-02
 9.0782e-01  4.2815e-02
 9.0282e-01  4.0439e-02
 8.9784e-01  4.4704e-02
 8.9289e-01  4.3671e-02
 8.8797e-01  3.8425e-02
 8.8308e-01  4.1274e-02
 8.7821e-01  4.0098e-02
 8.7337e-01  3.9470e-02
 8.6856e-01  3.7771e-02
 8.6377e-01  3.7866e-02
 8.5901e-01  3.6484e-02
 8.5428e-01  3.3341e-02
 8.4957e-01  3.6280e-02
 8.4489e-01  3.5566e-02
 8.4023e-01  3.5116e-02
 8.3560e-01  3.7341e-02
 8.3100e-01  3.8175e-02
 8.2642e-01  3.9195e-02
 8.2186e-01  3.5490e-02
 8.1733e-01  3.9982e-02
 8.1283e-01  3.6950e-02
 8.0835e-01  3.6298e-02
 8.0390e-01  3.4994e-02
 7.9947e-01  3.3593e-02
 7.9506e-01  3.8419e-02
 7.9068e-01  3.4536e-02
 7.8632e-01  3.3661e-02
 7.8199e-01  3.1563e-02
 7.7768e-01  3.3017e-02
 7.7339e-01  3.1812e-02
 7.6913e-01  3.0901e-02
 7.6489e-01  3.1525e-02
 7.6068e-01  3.1140e-02
 7.5648e-01  3.4148e-02
 7.5232e-01  3.4101e-02
 7.4817e-01  3.1883e-02
 7.4405e-01  3.3079e-02
 7.3995e-01  3.0060e-02
 7.3587e-01  2.9443e-02
 7.3181e-01  2.9197e-02
 7.2778e-01  2.8541e-02
 7.2377e-01  3.0750e-02
 7.1978e-01  2.7969e-02
 7.1581e-01  2.8660e-02
 7.1187e-01  2.7400e-02
 7.0795e-01  2.9447e-02
 7.0404e-01  2.8139e-02
 7.0016e-01  2.5616e-02
 6.9631e-01  2.4356e-02
 6.9247e-01  2.5570e-02
 6.8865e-01  2.5790e-02
 6.8486e-01  2.7372e-02
 6.8108e-01  2.6390e-02
 6.7733e-01  2.6138e-02
 6.7360e-01  2.6370e-02
 6.6988e-01  2.5626e-02
 6.6619e-01  2.4146e-02
 6.6252e-01  2.4482e-02
 6.5887e-01  2.3980e-02
 6.5524e-01  2.4369e-02
 6.5163e-01  2.4233e-02
 6.4804e-01  2.2779e-02
 6.4447e-01  2.5088e-02
 6.4091e-01  2.3743e-02
 6.3738e-01  2.4582e-02
 6.3387e-01  2.5159e-02
 6.3038e-01  2.3204e-02
 6.2690e-01  2.3237e-02
 6.2345e-01  2.2196e-02
 6.2001e-01  2.2333e-02
 6.1659e-01  2.1989e-02
 6.1320e-01  2.4536e-02
 6.0982e-01  2.2013e-02
 6.0646e-01  2.2836e-02
 6.0311e-01  2.3271e-02
 5.9979e-01  2.2495e-02
 5.9649e-01  2.3316e-02
 5.9320e-01  2.1119e-02
 5.8993e-01  2.2405e-02
 5.8668e-01  2.0372e-02
 5.8345e-01  2.1404e-02
 5.8023e-01  2.0672e-02
 5.7703e-01  2.1565e-02
 5.7385e-01  2.0126e-02
 5.7069e-01  1.8486e-02
 5.6754e-01  1.8868e-02
 5.6442e-01  1.8403e-02
 5.6131e-01  1.9177e-02
 5.5821e-01  1.8941e-02
 5.5514e-01  1.9152e-02
 5.5208e-01  1.9122e-02
 5.4903e-01  1.7370e-02
 5.4601e-01  1.9087e-02
 5.4300e-01  1.7780e-02
 5.4001e-01  1.8361e-02
 5.3703e-01  1.9083e-02
 5.3407e-01  1.8266e-02
 5.3113e-01  1.7418e-02
 5.2820e-01  1.7021e-02
 5.2529e-01  1.8474e-02
 5.2240e-01  1.6979e-02
 5.1952e-01  1.5216e-02
 5.1665e-01  1.4841e-02
 5.1381e-01  1.6749e-02
 5.1098e-01  1.6696e-02
 5.0816e-01  1.6075e-02
 5.0536e-01  1.4698e-02
 5.0257e-01  1.6427e-02
 4.9980e-01  1.4820e-02
 4.9705e-01  1.6513e-02
 4.9431e-01  1.6879e-02
 4.9159e-01  1.4324e-02
 4.8888e-01  1.5564e-02
 4.8618e-01  1.3844e-02
 4.8350e-01  1.4386e-02
 4.8084e-01  1.4863e-02
 4.7819e-01  1.4487e-02
 4.7555e-01  1.4253e-02
 4.7293e-01  1.5014e-02
 4.7033e-01  1.3023e-02
 4.6774e-01  1.2545e-02
 4.6516e-01  1.3673e-02
 4.6259e-01  1.4184e-02
 4.6004e-01  1.4011e-02
 4.5751e-01  1.3694e-02
 4.5499e-01  1.2576e-02
 4.5248e-01  1.2508e-02
 4.4999e-01  1.1855e-02
 4.4751e-01  1.3089e-02
 4.4504e-01  1.3841e-02
 4.4259e-01  1.2799e-02
 4.4015e-01  1.2762e-02
 4.3772e-01  1.1157e-02
 4.3531e-01  1.1295e-02
 4.3291e-01  1.0034e-02
 4.3053e-01  1.0460e-02
 4.2815e-01  1.1343e-02
 4.2579e-01  1.1141e-02
 4.2345e-01  1.1471e-02
 4.2111e-01  1.0813e-02
 4.1879e-01  1.0610e-02
 4.1649e-01  1.0587e-02
 4.1419e-01  1.0601e-02
 4.1191e-01  9.1168e-03
 4.0964e-01  8.3623e-03
 4.0738e-01  9.0872e-03
 4.0514e-01  1.0417e-02
 4.0290e-01  1.0363e-02
 4.0068e-01  9.7028e-03
 3.9847e-01  8.2756e-03
 3.9628e-01  5.9222e-03
 3.9409e-01  7.2658e-03
 3.9192e-01  8.2977e-03
 3.8976e-01  5.9081e-03
 3.8761e-01  6.9443e-03
 3.8548e-01  6.8547e-03
 3.8335e-01  5.4825e-03
 3.8124e-01  6.4467e-03
 3.7914e-01  5.7397e-03
 3.7705e-01  4.9445e-03
 3.7497e-01  4.5781e-03
 3.7291e-01  4.2279e-03
 3.7085e-01  4.9450e-03
 3.6881e-01  3.9231e-03
 3.6678e-01  3.7313e-03
 3.6475e-01  3.9575e-03
 3.6274e-01  3.7015e-03
 3.6074e-01  3.8302e-03
 3.5876e-01  3.4166e-03
 3.5678e-01  4.1296e-03
 3.5481e-01  3.6680e-03
 3.5286e-01  3.7706e-03
 3.5091e-01  3.3870e-03
 3.4898e-01  3.0483e-03
 3.4706e-01  2.9146e-03
 3.4514e-01  3.1356e-03
 3.4324e-01  3.1187e-03
 3.4135e-01  3.0668e-03
 3.3947e-01  2.9626e-03
 3.3760e-01  2.6352e-03
 3.3574e-01  2.8879e-03
 3.3389e-01  2.9466e-03
 3.3205e-01  2.8613e-03
 3.3022e-01  3.6840e-03
 3.2840e-01  2.8856e-03
 3.2659e-01  3.3710e-03
 3.2479e-01  2.7394e-03
 3.2300e-01  2.8871e-03
 3.2122e-01  2.4116e-03
 3.1945e-01  2.3991e-03
 3.1769e-01  2.2552e-03
 3.1594e-01  2.6650e-03
 3.1420e-01  2.3891e-03
 3.1246e-01  2.2687e-03
 3.1074e-01  2.4143e-03
 3.0903e-01  2.5030e-03
 3.0733e-01  2.2235e-03
 3.0563e-01  2.4262e-03
 3.0395e-01  2.2927e-03
 3.0227e-01  2.1138e-03
 3.0061e-01  2.2238e-03
 2.9895e-01  2.1562e-03
 2.9730e-01  2.1506e-03
 2.9567e-01  2.2676e-03
 2.9404e-01  1.8515e-03
 2.9242e-01  1.9582e-03
 2.9080e-01  2.3308e-03
 2.8920e-01  1.9418e-03
 2.8761e-01  1.6137e-03
 2.8602e-01  1.5189e-03
 2.8445e-01  1.7384e-03
 2.8288e-01  1.8928e-03
 2.8132e-01  1.5428e-03
 2.7977e-01  1.2137e-03
 2.7823e-01  1.7324e-03
 2.7669e-01  1.5183e-03
 2.7517e-01  1.3098e-03
 2.7365e-01  1.8035e-03
 2.7214e-01  1.5055e-03
 2.7064e-01  1.6200e-03
 2.6915e-01  1.5221e-03
 2.6767e-01  1.9476e-03
 2.6620e-01  1.5895e-03
 2.6473e-01  1.4731e-03
 2.6327e-01  1.3061e-03
 2.6182e-01  1.1063e-03
 2.6038e-01  1.2570e-03
 2.5894e-01  1.2615e-03
 2.5751e-01  1.3913e-03
 2.5609e-01  1.0705e-03
 2.5468e-01  1.1483e-03
 2.5328e-01  9.9656e-04
 2.5188e-01  9.5867e-04
 2.5050e-01  1.0237e-03
 2.4912e-01  9.2918e-04
 2.4774e-01  1.1213e-03
 2.4638e-01  1.1321e-03
 2.4502e-01  1.1800e-03
 2.4367e-01  1.1884e-03
 2.4233e-01  1.0771e-03
 2.4099e-01  7.8257e-04
 2.3966e-01  9.5294e-04
 2.3834e-01  8.2803e-04
 2.3703e-01  7.9562e-04
 2.3572e-01  7.6483e-04
 2.3442e-01  8.1167e-04
 2.3313e-01  7.7807e-04
 2.3185e-01  8.8514e-04
 2.3057e-01  8.1352e-04
 2.2930e-01  8.3971e-04
 2.2803e-01  8.7917e-04
 2.2678e-01  8.9426e-04
 2.2553e-01  8.5118e-04
 2.2428e-01  7.9900e-04
 2.2305e-01  8.8567e-04
 2.2182e-01  6.6971e-04
 2.2060e-01  7.4088e-04
 2.1938e-01  8.1438e-04
 2.1817e-01  6.9586e-04
 2.1697e-01  7.8456e-04
 2.1577e-01  8.8983e-04
 2.1459e-01  7.3449e-04
 2.1340e-01  7.3832e-04
 2.1223e-01  7.4796e-04
 2.1106e-01  7.9282e-04
 2.0989e-01  7.3752e-04
 2.0874e-01  7.2234e-04
 2.0759e-01  7.6201e-04
 2.0644e-01  7.9965e-04
 2.0531e-01  7.9630e-04
 2.0417e-01  8.8803e-04
 2.0305e-01  7.1778e-04
 2.0193e-01  7.7252e-04
 2.0082e-01  7.5217e-04
 1.9971e-01  8.2114e-04
 1.9861e-01  7.6062e-04
 1.9751e-01  8.7108e-04
 1.9643e-01  8.1003e-04
 1.9534e-01  8.0877e-04
 1.9427e-01  8.9931e-04
 1.9320e-01  8.6345e-04
 1.9213e-01  7.5511e-04
 1.9107e-01  8.0106e-04
 1.9002e-01  9.0041e-04
 1.8897e-01  7.8676e-04
 1.8793e-01  8.0440e-04
 1.8690e-01  9.0339e-04
 1.8587e-01  7.9287e-04
 1.8484e-01  8.2982e-04
 1.8382e-01  7.4725e-04
 1.8281e-01  8.8249e-04
 1.8180e-01  9.5419e-04
 1.8080e-01  9.3708e-04
 1.7980e-01  1.0056e-03
 1.7881e-01  9.5608e-04
 1.7783e-01  8.6316e-04
 1.7685e-01  8.8772e-04
 1.7587e-01  8.0166e-04
 1.7490e-01  8.9145e-04
 1.7394e-01  7.4598e-04
 1.7298e-01  7.3714e-04
 1.7203e-01  8.1505e-04
 1.7108e-01  7.9081e-04
 1.7014e-01  8.1356e-04
 1.6920e-01  8.3921e-04
 1.6827e-01  7.9234e-04
 1.6734e-01  7.4596e-04
 1.6642e-01  7.3397e-04
 1.6550e-01  7.1482e-04
 1.6459e-01  7.9103e-04
 1.6368e-01  7.7023e-04
 1.6278e-01  6.0078e-04
 1.6188e-01  8.2719e-04
 1.6099e-01  7.4442e-04
 1.6010e-01  7.6677e-04
 1.5922e-01  6.9121e-04
 1.5834e-01  5.9521e-04
 1.5747e-01  6.7983e-04
 1.5660e-01  5.5993e-04
 1.5574e-01  6.0239e-04
 1.5488e-01  5.6647e-04
 1.5403e-01  5.4626e-04
 1.5318e-01  5.9974e-04
 1.5234e-01  6.0618e-04
 1.5150e-01  6.1803e-04
 1.5066e-01  6.6920e-04
 1.4983e-01  7.0682e-04
 1.4900e-01  6.6781e-04
 1.4818e-01  6.4937e-04
 1.4737e-01  6.2852e-04
 1.4655e-01  5.6850e-04
 1.4575e-01  6.4749e-04
 1.4494e-01  7.1472e-04
 1.4415e-01  6.9469e-04
 1.4335e-01  6.3165e-04
 1.4256e-01  5.8814e-04
 1.4178e-01  5.9991e-04
 1.4099e-01  6.2528e-04
 1.4022e-01  5.5087e-04
 1.3944e-01  6.4575e-04
 1.3868e-01  5.9502e-04
 1.3791e-01  5.4713e-04
 1.3715e-01  4.9028e-04
 1.3640e-01  5.0997e-04
 1.3564e-01  5.1237e-04
 1.3490e-01  5.3970e-04
 1.3415e-01  5.5381e-04
 1.3341e-01  5.4423e-04
 1.3268e-01  5.2584e-04
 1.3195e-01  5.5514e-04
 1.3122e-01  4.7789e-04
 1.3050e-01  4.8189e-04
 1.2978e-01  3.9994e-04
 1.2906e-01  4.3985e-04
 1.2835e-01  4.9559e-04
 1.2764e-01  5.1196e-04
 1.2694e-01  4.6403e-04
 1.2624e-01  4.2562e-04
 1.2555e-01  3.9373e-04
 1.2485e-01  4.5270e-04
 1.2417e-01  3.6957e-04
 1.2348e-01  3.2659e-04
 1.2280e-01  2.7892e-04
 1.2212e-01  2.4273e-04
 1.2145e-01  1.6134e-04
 1.2078e-01  2.3851e-04
 1.2012e-01  2.6584e-04
 1.1945e-01  2.8150e-04
 1.1880e-01  3.1145e-04
 1.1814e-01  2.6101e-04
 1.1749e-01  2.5250e-04
 1.1684e-01  3.0882e-04
 1.1620e-01  3.1360e-04
 1.1556e-01  2.7497e-04
 1.1492e-01  3.7833e-04
 1.1429e-01  2.6071e-04
 1.1366e-01  3.4585e-04
 1.1303e-01  2.8986e-04
 1.1241e-01  2.1915e-04
 1.1179e-01  2.4318e-04
 1.1117e-01  3.1680e-04
 1.1056e-01  2.4065e-04
 1.0995e-01  2.8993e-04
 1.0935e-01  2.5567e-04
 1.0874e-01  1.9714e-04
 1.0814e-01  2.5824e-04
 1.0755e-01  2.3991e-04
 1.0695e-01  2.1945e-04
 1.0637e-01  2.3484e-04
 1.0578e-01  2.2025e-04
 1.0520e-01  2.7695e-04
 1.0462e-01  2.5776e-04
 1.0404e-01  2.0955e-04
 1.0347e-01  1.2043e-04
 1.0290e-01  9.4328e-05
 1.0233e-01  9.7973e-05
 1.0177e-01  1.4655e-04
 1.0120e-01  1.5314e-04
 1.0065e-01  1.6766e-04
 1.0009e-01  1.3658e-04
 9.9541e-02  1.3063e-04
 9.8992e-02  1.4063e-04
 9.8446e-02  1.3224e-04
 9.7904e-02  6.8813e-05
 9.7364e-02  7.0433e-05
 9.6828e-02  9.1636e-05
 9.6294e-02  1.1127e-04
 9.5763e-02  9.7426e-05
 9.5236e-02  8.6972e-05
 9.4711e-02  1.2510e-04
 9.4189e-02  9.0838e-05
 9.3670e-02  1.0147e-04
 9.3154e-02  8.3546e-05
 9.2640e-02  5.7755e-05
 9.2130e-02  7.0538e-05
 9.1622e-02  5.1648e-05
 9.1117e-02  0.0000e+00
 9.0615e-02  0.0000e+00
 9.0116e-02  0.0000e+00
 8.9619e-02  0.0000e+00
 8.9125e-02  0.0000e+00
 8.8634e-02  0.0000e+00
 8.8145e-02  0.0000e+00
 8.7660e-02  0.0000e+00
 8.7177e-02  0.0000e+00
 8.6696e-02  0.0000e+00
 8.6218e-02  0.0000e+00
 8.5743e-02  0.0000e+00
 8.5271e-02  0.0000e+00
 8.4801e-02  0.0000e+00
 8.4333e-02  0.0000e+00
 8.3869e-02  0.0000e+00
 8.3407e-02  0.0000e+00
 8.2947e-02  0.0000e+00
 8.2490e-02  0.0000e+00
 8.2035e-02  0.0000e+00
 8.1583e-02  0.0000e+00
 8.1133e-02  0.0000e+00
 8.0686e-02  0.0000e+00
 8.0242e-02  0.0000e+00
 7.9799e-02  0.0000e+00
 7.9360e-02  0.0000e+00
 7.8922e-02  0.0000e+00
 7.8487e-02  0.0000e+00
 7.8055e-02  0.0000e+00
 7.7625e-02  0.0000e+00
 7.7197e-02  0.0000e+00
 7.6771e-02  0.0000e+00
 7.6348e-02  0.0000e+00
 7.5928e-02  0.0000e+00
 7.5509e-02  0.0000e+00
 7.5093e-02  0.0000e+00
 7.4679e-02  0.0000e+00
 7.4268e-02  0.0000e+00
 7.3858e-02  0.0000e+00
 7.3451e-02  0.0000e+00
 7.3047e-02  0.0000e+00
 7.2644e-02  0.0000e+00
 7.2244e-02  0.0000e+00
 7.1846e-02  0.0000e+00
 7.1450e-02  0.0000e+00
 7.1056e-02  0.0000e+00
 7.0664e-02  0.0000e+00
 7.0275e-02  0.0000e+00
 6.9888e-02  0.0000e+00
 6.9502e-02  0.0000e+00
 6.9119e-02  0.0000e+00
 6.8738e-02  0.0000e+00
 6.8360e-02  0.0000e+00
 6.7983e-02  0.0000e+00
 6.7608e-02  0.0000e+00
 6.7236e-02  0.0000e+00
 6.6865e-02  0.0000e+00
 6.6497e-02  0.0000e+00
 6.6130e-02  0.0000e+00
 6.5766e-02  0.0000e+00
 6.5403e-02  0.0000e+00
 6.5043e-02  0.0000e+00
 6.4684e-02  0.0000e+00
 6.4328e-02  0.0000e+00
 6.3973e-02  0.0000e+00
 6.3621e-02  0.0000e+00
 6.3270e-02  0.0000e+00
 6.2922e-02  0.0000e+00
 6.2575e-02  0.0000e+00
 6.2230e-02  0.0000e+00
 6.1887e-02  0.0000e+00
 6.1546e-02  0.0000e+00
 6.1207e-02  0.0000e+00
 6.0870e-02  0.0000e+00
 6.0534e-02  0.0000e+00
 6.0200e-02  0.0000e+00
 5.9869e-02  0.0000e+00
 5.9539e-02  0.0000e+00
 5.9211e-02  0.0000e+00
 5.8884e-02  0.0000e+00
 5.8560e-02  0.0000e+00
 5.8237e-02  0.0000e+00
 5.7916e-02  0.0000e+00
 5.7597e-02  0.0000e+00
 5.7280e-02  0.0000e+00
 5.6964e-02  0.0000e+00
 5.6650e-02  0.0000e+00
 5.6338e-02  0.0000e+00
 5.6027e-02  0.0000e+00
 5.5719e-02  0.0000e+00
 5.5412e-02  0.0000e+00
 5.5106e-02  0.0000e+00
 5.4802e-02  0.0000e+00
 5.4500e-02  0.0000e+00
 5.4200e-02  0.0000e+00
 5.3901e-02  0.0000e+00
 5.3604e-02  0.0000e+00
 5.3309e-02  0.0000e+00
 5.3015e-02  0.0000e+00
 5.2723e-02  0.0000e+00
 5.2432e-02  0.0000e+00
 5.2143e-02  0.0000e+00
 5.1856e-02  0.0000e+00
 5.1570e-02  0.0000e+00
 5.1286e-02  0.0000e+00
 5.1004e-02  0.0000e+00
 5.0722e-02  0.0000e+00
 5.0443e-02  0.0000e+00
 5.0165e-02  0.0000e+00
 4.9888e-02  0.0000e+00
 4.9614e-02  0.0000e+00
 4.9340e-02  0.0000e+00
 4.9068e-02  0.0000e+00
 4.8798e-02  0.0000e+00
 4.8529e-02  0.0000e+00
 4.8261e-02  0.0000e+00
 4.7995e-02  0.0000e+00
 4.7731e-02  0.0000e+00
 4.7468e-02  0.0000e+00
 4.7206e-02  0.0000e+00
 4.6946e-02  0.0000e+00
 4.6687e-02  0.0000e+00
 4.6430e-02  0.0000e+00
 4.6174e-02  0.0000e+00
 4.5920e-02  0.0000e+00
 4.5667e-02  0.0000e+00
 4.5415e-02  0.0000e+00
 4.5165e-02  0.0000e+00
 4.4916e-02  0.0000e+00
 4.4668e-02  0.0000e+00
 4.4422e-02  0.0000e+00
 4.4177e-02  0.0000e+00
 4.3934e-02  0.0000e+00
 4.3692e-02  0.0000e+00
 4.3451e-02  0.0000e+00
 4.3212e-02  0.0000e+00
 4.2973e-02  0.0000e+00
 4.2737e-02  0.0000e+00
 4.2501e-02  0.0000e+00
 4.2267e-02  0.0000e+00
 4.2034e-02  0.0000e+00
 4.1802e-02  0.0000e+00
 4.1572e-02  0.0000e+00
 4.1343e-02  0.0000e+00
 4.1115e-02  0.0000e+00
 4.0888e-02  0.0000e+00
 4.0663e-02  0.0000e+00
 4.0439e-02  0.0000e+00
 4.0216e-02  0.0000e+00
 3.9994e-02  0.0000e+00
 3.9774e-02  0.0000e+00
 3.9555e-02  0.0000e+00
 3.9337e-02  0.0000e+00
 3.9120e-02  0.0000e+00
 3.8905e-02  0.0000e+00
 3.8690e-02  0.0000e+00
 3.8477e-02  0.0000e+00
 3.8265e-02  0.0000e+00
 3.8054e-02  0.0000e+00
 3.7844e-02  0.0000e+00
 3.7636e-02  0.0000e+00
 3.7428e-02  0.0000e+00
 3.7222e-02  0.0000e+00
 3.7017e-02  0.0000e+00
 3.6813e-02  0.0000e+00
 3.6610e-02  0.0000e+00
 3.6408e-02  0.0000e+00
 3.6208e-02  0.0000e+00
 3.6008e-02  0.0000e+00
 3.5810e-02  0.0000e+00
 3.5612e-02  0.0000e+00
 3.5416e-02  0.0000e+00
 3.5221e-02  0.0000e+00
 3.5027e-02  0.0000e+00
 3.4834e-02  0.0000e+00
 3.4642e-02  0.0000e+00
 3.4451e-02  0.0000e+00
 3.4261e-02  0.0000e+00
 3.4072e-02  0.0000e+00
 3.3884e-02  0.0000e+00
 3.3698e-02  0.0000e+00
 3.3512e-02  0.0000e+00
 3.3327e-02  0.0000e+00
 3.3144e-02  0.0000e+00
 3.2961e-02  0.0000e+00
 3.2779e-02  0.0000e+00
 3.2599e-02  0.0000e+00
 3.2419e-02  0.0000e+00
 3.2240e-02  0.0000e+00
 3.2063e-02  0.0000e+00
 3.1886e-02  0.0000e+00
 3.1710e-02  0.0000e+00
 3.1536e-02  0.0000e+00
 3.1362e-02  0.0000e+00
 3.1189e-02  0.0000e+00
 3.1017e-02  0.0000e+00
 3.0846e-02  0.0000e+00
 3.0676e-02  0.0000e+00
 3.0507e-02  0.0000e+00
 3.0339e-02  0.0000e+00
 3.0172e-02  0.0000e+00
 3.0005e-02  0.0000e+00
 2.9840e-02  0.0000e+00
 2.9676e-02  0.0000e+00
 2.9512e-02  0.0000e+00
 2.9349e-02  0.0000e+00
 2.9188e-02  0.0000e+00
 2.9027e-02  0.0000e+00
 2.8867e-02  0.0000e+00
 2.8708e-02  0.0000e+00
 2.8550e-02  0.0000e+00
 2.8392e-02  0.0000e+00
 2.8236e-02  0.0000e+00
 2.8080e-02  0.0000e+00
 2.7925e-02  0.0000e+00
 2.7772e-02  0.0000e+00
 2.7618e-02  0.0000e+00
 2.7466e-02  0.0000e+00
 2.7315e-02  0.0000e+00
 2.7164e-02  0.0000e+00
 2.7015e-02  0.0000e+00
 2.6866e-02  0.0000e+00
 2.6718e-02  0.0000e+00
 2.6571e-02  0.0000e+00
 2.6424e-02  0.0000e+00
 2.6278e-02  0.0000e+00
 2.6134e-02  0.0000e+00
 2.5990e-02  0.0000e+00
 2.5846e-02  0.0000e+00
 2.5704e-02  0.0000e+00
 2.5562e-02  0.0000e+00
 2.5421e-02  0.0000e+00
 2.5281e-02  0.0000e+00
 2.5142e-02  0.0000e+00
 2.5003e-02  0.0000e+00
 2.4866e-02  0.0000e+00
 2.4729e-02  0.0000e+00
 2.4592e-02  0.0000e+00
 2.4457e-02  0.0000e+00
 2.4322e-02  0.0000e+00
 2.4188e-02  0.0000e+00
 2.4055e-02  0.0000e+00
 2.3922e-02  0.0000e+00
 2.3790e-02  0.0000e+00
 2.3659e-02  0.0000e+00
 2.3529e-02  0.0000e+00
 2.3399e-02  0.0000e+00
 2.3270e-02  0.0000e+00
 2.3142e-02  0.0000e+00
 2.3014e-02  0.0000e+00
 2.2888e-02  0.0000e+00
 2.2761e-02  0.0000e+00
 2.2636e-02  0.0000e+00
 2.2511e-02  0.0000e+00
 2.2387e-02  0.0000e+00
 2.2264e-02  0.0000e+00
 2.2141e-02  0.0000e+00
 2.2019e-02  0.0000e+00
 2.1898e-02  0.0000e+00
 2.1777e-02  0.0000e+00
 2.1657e-02  0.0000e+00
 2.1538e-02  0.0000e+00
 2.1419e-02  0.0000e+00
 2.1301e-02  0.0000e+00
 2.1184e-02  0.0000e+00
 2.1067e-02  0.0000e+00
 2.0951e-02  0.0000e+00
 2.0835e-02  0.0000e+00
 2.0720e-02  0.0000e+00
 2.0606e-02  0.0000e+00
 2.0493e-02  0.0000e+00
 2.0380e-02  0.0000e+00
 2.0267e-02  0.0000e+00
 2.0156e-02  0.0000e+00
 2.0045e-02  0.0000e+00
 1.9934e-02  0.0000e+00
 1.9824e-02  0.0000e+00
 1.9715e-02  0.0000e+00
 1.9606e-02  0.0000e+00
 1.9498e-02  0.0000e+00
 1.9391e-02  0.0000e+00
 1.9284e-02  0.0000e+00
 1.9178e-02  0.0000e+00
 1.9072e-02  0.0000e+00
 1.8967e-02  0.0000e+00
 1.8863e-02  0.0000e+00
 1.8759e-02  0.0000e+00
 1.8655e-02  0.0000e+00
 1.8552e-02  0.0000e+00
 1.8450e-02  0.0000e+00
 1.8348e-02  0.0000e+00
 1.8247e-02  0.0000e+00
 1.8147e-02  0.0000e+00
 1.8047e-02  0.0000e+00
 1.7947e-02  0.0000e+00
 1.7848e-02  0.0000e+00
 1.7750e-02  0.0000e+00
 1.7652e-02  0.0000e+00
 1.7555e-02  0.0000e+00
 1.7458e-02  0.0000e+00
 1.7362e-02  0.0000e+00
 1.7266e-02  0.0000e+00
 1.7171e-02  0.0000e+00
 1.7077e-02  0.0000e+00
 1.6982e-02  0.0000e+00
 1.6889e-02  0.0000e+00
 1.6796e-02  0.0000e+00
 1.6703e-02  0.0000e+00
 1.6611e-02  0.0000e+00
 1.6520e-02  0.0000e+00
 1.6429e-02  0.0000e+00
 1.6338e-02  0.0000e+00
 1.6248e-02  0.0000e+00
 1.6158e-02  0.0000e+00
 1.6069e-02  0.0000e+00
 1.5981e-02  0.0000e+00
 1.5893e-02  0.0000e+00
 1.5805e-02  0.0000e+00
 1.5718e-02  0.0000e+00
 1.5631e-02  0.0000e+00
 1.5545e-02  0.0000e+00
 1.5460e-02  0.0000e+00
 1.5374e-02  0.0000e+00
 1.5290e-02  0.0000e+00
 1.5205e-02  0.0000e+00
 1.5122e-02  0.0000e+00
 1.5038e-02  0.0000e+00
 1.4955e-02  0.0000e+00
 1.4873e-02  0.0000e+00
 1.4791e-02  0.0000e+00
 1.4710e-02  0.0000e+00
 1.4629e-02  0.0000e+00
 1.4548e-02  0.0000e+00
 1.4468e-02  0.0000e+00
 1.4388e-02  0.0000e+00
 1.4309e-02  0.0000e+00
 1.4230e-02  0.0000e+00
 1.4151e-02  0.0000e+00
 1.4073e-02  0.0000e+00
 1.3996e-02  0.0000e+00
 1.3919e-02  0.0000e+00
 1.3842e-02  0.0000e+00
 1.3766e-02  0.0000e+00
 1.3690e-02  0.0000e+00
 1.3614e-02  0.0000e+00
 1.3539e-02  0.0000e+00
 1.3465e-02  0.0000e+00
 1.3391e-02  0.0000e+00
 1.3317e-02  0.0000e+00
 1.3243e-02  0.0000e+00
 1.3170e-02  0.0000e+00
 1.3098e-02  0.0000e+00
 1.3026e-02  0.0000e+00
 1.2954e-02  0.0000e+00
 1.2882e-02  0.0000e+00
 1.2812e-02  0.0000e+00
 1.2741e-02  0.0000e+00
 1.2671e-02  0.0000e+00
 1.2601e-02  0.0000e+00
 1.2531e-02  0.0000e+00
 1.2462e-02  0.0000e+00
 1.2394e-02  0.0000e+00
 1.2325e-02  0.0000e+00
 1.2257e-02  0.0000e+00
 1.2190e-02  0.0000e+00
 1.2123e-02  0.0000e+00
 1.2056e-02  0.0000e+00
 1.1989e-02  0.0000e+00
 1.1923e-02  0.0000e+00
 1.1858e-02  0.0000e+00
 1.1792e-02  0.0000e+00
 1.1727e-02  0.0000e+00
 1.1663e-02  0.0000e+00
 1.1598e-02  0.0000e+00
 1.1535e-02  0.0000e+00
 1.1471e-02  0.0000e+00
 1.1408e-02  0.0000e+00
 1.1345e-02  0.0000e+00
 1.1282e-02  0.0000e+00
 1.1220e-02  0.0000e+00
 1.1158e-02  0.0000e+00
 1.1097e-02  0.0000e+00
 1.1036e-02  0.0000e+00
 1.0975e-02  0.0000e+00
 1.0914e-02  0.0000e+00
 1.0854e-02  0.0000e+00
 1.0794e-02  0.0000e+00
 1.0735e-02  0.0000e+00
 1.0676e-02  0.0000e+00
 1.0617e-02  0.0000e+00
 1.0558e-02  0.0000e+00
 1.0500e-02  0.0000e+00
 1.0442e-02  0.0000e+00
 1.0385e-02  0.0000e+00
 1.0328e-02  0.0000e+00
 1.0271e-02  0.0000e+00
 1.0214e-02  0.0000e+00
 1.0158e-02  0.0000e+00
 1.0102e-02  0.0000e+00
 1.0046e-02  0.0000e+00
 9.9908e-03  0.0000e+00
 9.9357e-03  0.0000e+00
 9.8810e-03  0.0000e+00
 9.8265e-03  0.0000e+00
 9.7724e-03  0.0000e+00
 9.7185e-03  0.0000e+00
 9.6650e-03  0.0000e+00
 9.6117e-03  0.0000e+00
 9.5587e-03  0.0000e+00
 9.5060e-03  0.0000e+00
 9.4537e-03  0.0000e+00
 9.4016e-03  0.0000e+00
 9.3497e-03  0.0000e+00
 9.2982e-03  0.0000e+00
 9.2470e-03  0.0000e+00
 9.1960e-03  0.0000e+00
 9.1453e-03  0.0000e+00
 9.0949e-03  0.0000e+00
 9.0448e-03  0.0000e+00
 8.9950e-03  0.0000e+00
 8.9454e-03  0.0000e+00
 8.8961e-03  0.0000e+00
 8.8471e-03  0.0000e+00
 8.7983e-03  0.0000e+00
 8.7498e-03  0.0000e+00
 8.7016e-03  0.0000e+00
 8.6537e-03  0.0000e+00
 8.6060e-03  0.0000e+00
 8.5585e-03  0.0000e+00
 8.5114e-03  0.0000e+00
 8.4645e-03  0.0000e+00
 8.4178e-03  0.0000e+00
 8.3714e-03  0.0000e+00
 8.3253e-03  0.0000e+00
 8.2794e-03  0.0000e+00
 8.2338e-03  0.0000e+00
 8.1884e-03  0.0000e+00
 8.1433e-03  0.0000e+00
 8.0984e-03  0.0000e+00
 8.0538e-03  0.0000e+00
 8.0094e-03  0.0000e+00
 7.9653e-03  0.0000e+00
 7.9214e-03  0.0000e+00
 7.8777e-03  0.0000e+00
 7.8343e-03  0.0000e+00
 7.7911e-03  0.0000e+00
 7.7482e-03  0.0000e+00
 7.7055e-03  0.0000e+00
 7.6630e-03  0.0000e+00
 7.6208e-03  0.0000e+00
 7.5788e-03  0.0000e+00
 7.5370e-03  0.0000e+00
 7.4955e-03  0.0000e+00
 7.4542e-03  0.0000e+00
 7.4131e-03  0.0000e+00
 7.3722e-03  0.0000e+00
 7.3316e-03  0.0000e+00
 7.2912e-03  0.0000e+00
 7.2510e-03  0.0000e+00
 7.2111e-03  0.0000e+00
 7.1713e-03  0.0000e+00
 7.1318e-03  0.0000e+00
 7.0925e-03  0.0000e+00
 7.0534e-03  0.0000e+00
 7.0146e-03  0.0000e+00
 6.9759e-03  0.0000e+00
 6.9375e-03  0.0000e+00
 6.8992e-03  0.0000e+00
 6.8612e-03  0.0000e+00
 6.8234e-03  0.0000e+00
 6.7858e-03  0.0000e+00
 6.7484e-03  0.0000e+00
 6.7112e-03  0.0000e+00
 6.6742e-03  0.0000e+00
 6.6374e-03  0.0000e+00
 6.6009e-03  0.0000e+00
 6.5645e-03  0.0000e+00
 6.5283e-03  0.0000e+00
 6.4923e-03  0.0000e+00
 6.4565e-03  0.0000e+00
 6.4210e-03  0.0000e+00
 6.3856e-03  0.0000e+00
 6.3504e-03  0.0000e+00
 6.3154e-03  0.0000e+00
 6.2806e-03  0.0000e+00
 6.2460e-03  0.0000e+00
 6.2116e-03  0.0000e+00
 6.1773e-03  0.0000e+00
 6.1433e-03  0.0000e+00
 6.1094e-03  0.0000e+00
 6.0758e-03  0.0000e+00
 6.0423e-03  0.0000e+00
 6.0090e-03  0.0000e+00
 5.9759e-03  0.0000e+00
 5.9429e-03  0.0000e+00
 5.9102e-03  0.0000e+00
 5.8776e-03  0.0000e+00
 5.8452e-03  0.0000e+00
 5.8130e-03  0.0000e+00
 5.7810e-03  0.0000e+00
 5.7491e-03  0.0000e+00
 5.7174e-03  0.0000e+00
 5.6859e-03  0.0000e+00
 5.6546e-03  0.0000e+00
 5.6234e-03  0.0000e+00
 5.5924e-03  0.0000e+00
 5.5616e-03  0.0000e+00
 5.5310e-03  0.0000e+00
 5.5005e-03  0.0000e+00
 5.4702e-03  0.0000e+00
 5.4400e-03  0.0000e+00
 5.4100e-03  0.0000e+00
 5.3802e-03  0.0000e+00
 5.3506e-03  0.0000e+00
 5.3211e-03  0.0000e+00
 5.2918e-03  0.0000e+00
 5.2626e-03  0.0000e+00
 5.2336e-03  0.0000e+00
 5.2048e-03  0.0000e+00
 5.1761e-03  0.0000e+00
 5.1475e-03  0.0000e+00
 5.1192e-03  0.0000e+00
 5.0910e-03  0.0000e+00
 5.0629e-03  0.0000e+00
 5.0350e-03  0.0000e+00
 5.0073e-03  0.0000e+00
 4.9797e-03  0.0000e+00
 4.9522e-03  0.0000e+00
 4.9249e-03  0.0000e+00
 4.8978e-03  0.0000e+00
 4.8708e-03  0.0000e+00
 4.8440e-03  0.0000e+00
 4.8173e-03  0.0000e+00
 4.7907e-03  0.0000e+00
 4.7643e-03  0.0000e+00
 4.7381e-03  0.0000e+00
 4.7119e-03  0.0000e+00
 4.6860e-03  0.0000e+00
 4.6602e-03  0.0000e+00
 4.6345e-03  0.0000e+00
 4.6089e-03  0.0000e+00
 4.5835e-03  0.0000e+00
 4.5583e-03  0.0000e+00
 4.5331e-03  0.0000e+00
 4.5082e-03  0.0000e+00
 4.4833e-03  0.0000e+00
 4.4586e-03  0.0000e+00
 4.4340e-03  0.0000e+00
 4.4096e-03  0.0000e+00
 4.3853e-03  0.0000e+00
 4.3611e-03  0.0000e+00
 4.3371e-03  0.0000e+00
 4.3132e-03  0.0000e+00
 4.2894e-03  0.0000e+00
 4.2658e-03  0.0000e+00
 4.2423e-03  0.0000e+00
 4.2189e-03  0.0000e+00
 4.1957e-03  0.0000e+00
 4.1725e-03  0.0000e+00
 4.1495e-03  0.0000e+00
 4.1267e-03  0.0000e+00
 4.1039e-03  0.0000e+00
 4.0813e-03  0.0000e+00
 4.0588e-03  0.0000e+00
 4.0365e-03  0.0000e+00
 4.0142e-03  0.0000e+00
 3.9921e-03  0.0000e+00
 3.9701e-03  0.0000e+00
 3.9482e-03  0.0000e+00
 3.9264e-03  0.0000e+00
 3.9048e-03  0.0000e+00
 3.8833e-03  0.0000e+00
 3.8619e-03  0.0000e+00
 3.8406e-03  0.0000e+00
 3.8194e-03  0.0000e+00
 3.7984e-03  0.0000e+00
 3.7775e-03  0.0000e+00
 3.7566e-03  0.0000e+00
 3.7359e-03  0.0000e+00
 3.7154e-03  0.0000e+00
 3.6949e-03  0.0000e+00
 3.6745e-03  0.0000e+00
 3.6543e-03  0.0000e+00
 3.6341e-03  0.0000e+00
 3.6141e-03  0.0000e+00
 3.5942e-03  0.0000e+00
 3.5744e-03  0.0000e+00
 3.5547e-03  0.0000e+00
 3.5351e-03  0.0000e+00
 3.5156e-03  0.0000e+00
 3.4962e-03  0.0000e+00
 3.4770e-03  0.0000e+00
 3.4578e-03  0.0000e+00
 3.4387e-03  0.0000e+00
 3.4198e-03  0.0000e+00
 3.4009e-03  0.0000e+00
 3.3822e-03  0.0000e+00
 3.3636e-03  0.0000e+00
 3.3450e-03  0.0000e+00
 3.3266e-03  0.0000e+00
 3.3083e-03  0.0000e+00
 3.2900e-03  0.0000e+00
 3.2719e-03  0.0000e+00
 3.2539e-03  0.0000e+00
 3.2359e-03  0.0000e+00
 3.2181e-03  0.0000e+00
 3.2004e-03  0.0000e+00
 3.1827e-03  0.0000e+00
 3.1652e-03  0.0000e+00
 3.1477e-03  0.0000e+00
 3.1304e-03  0.0000e+00
 3.1131e-03  0.0000e+00
 3.0960e-03  0.0000e+00
 3.0789e-03  0.0000e+00
 3.0620e-03  0.0000e+00
 3.0451e-03  0.0000e+00
 3.0283e-03  0.0000e+00
 3.0116e-03  0.0000e+00
 2.9950e-03  0.0000e+00
 2.9785e-03  0.0000e+00
 2.9621e-03  0.0000e+00
 2.9458e-03  0.0000e+00
 2.9295e-03  0.0000e+00
 2.9134e-03  0.0000e+00
 2.8973e-03  0.0000e+00
 2.8814e-03  0.0000e+00
 2.8655e-03  0.0000e+00
 2.8497e-03  0.0000e+00
 2.8340e-03  0.0000e+00
 2.8184e-03  0.0000e+00
 2.8029e-03  0.0000e+00
 2.7874e-03  0.0000e+00
 2.7720e-03  0.0000e+00
 2.7568e-03  0.0000e+00
 2.7416e-03  0.0000e+00
 2.7265e-03  0.0000e+00
 2.7114e-03  0.0000e+00
 2.6965e-03  0.0000e+00
 2.6816e-03  0.0000e+00
 2.6669e-03  0.0000e+00
 2.6522e-03  0.0000e+00
 2.6375e-03  0.0000e+00
 2.6230e-03  0.0000e+00
 2.6086e-03  0.0000e+00
 2.5942e-03  0.0000e+00
 2.5799e-03  0.0000e+00
 2.5657e-03  0.0000e+00
 2.5515e-03  0.0000e+00
 2.5375e-03  0.0000e+00
 2.5235e-03  0.0000e+00
 2.5096e-03  0.0000e+00
 2.4957e-03  0.0000e+00
 2.4820e-03  0.0000e+00
 2.4683e-03  0.0000e+00
 2.4547e-03  0.0000e+00
 2.4412e-03  0.0000e+00
 2.4277e-03  0.0000e+00
 2.4143e-03  0.0000e+00
 2.4010e-03  0.0000e+00
 2.3878e-03  0.0000e+00
 2.3747e-03  0.0000e+00
 2.3616e-03  0.0000e+00
 2.3486e-03  0.0000e+00
 2.3356e-03  0.0000e+00
 2.3227e-03  0.0000e+00
 2.3099e-03  0.0000e+00
 2.2972e-03  0.0000e+00
 2.2845e-03  0.0000e+00
 2.2720e-03  0.0000e+00
 2.2594e-03  0.0000e+00
 2.2470e-03  0.0000e+00
 2.2346e-03  0.0000e+00
 2.2223e-03  0.0000e+00
 2.2100e-03  0.0000e+00
 2.1979e-03  0.0000e+00
 2.1857e-03  0.0000e+00
 2.1737e-03  0.0000e+00
 2.1617e-03  0.0000e+00
 2.1498e-03  0.0000e+00
 2.1380e-03  0.0000e+00
 2.1262e-03  0.0000e+00
 2.1145e-03  0.0000e+00
 2.1028e-03  0.0000e+00
 2.0912e-03  0.0000e+00
 2.0797e-03  0.0000e+00
 2.0682e-03  0.0000e+00
 2.0568e-03  0.0000e+00
 2.0455e-03  0.0000e+00
 2.0342e-03  0.0000e+00
 2.0230e-03  0.0000e+00
 2.0119e-03  0.0000e+00
 2.0008e-03  0.0000e+00
 1.9898e-03  0.0000e+00
 1.9788e-03  0.0000e+00
 1.9679e-03  0.0000e+00
 1.9570e-03  0.0000e+00
 1.9463e-03  0.0000e+00
 1.9355e-03  0.0000e+00
 1.9249e-03  0.0000e+00
 1.9143e-03  0.0000e+00
 1.9037e-03  0.0000e+00
 1.8932e-03  0.0000e+00
 1.8828e-03  0.0000e+00
 1.8724e-03  0.0000e+00
 1.8621e-03  0.0000e+00
 1.8518e-03  0.0000e+00
 1.8416e-03  0.0000e+00
 1.8315e-03  0.0000e+00
 1.8214e-03  0.0000e+00
 1.8113e-03  0.0000e+00
 1.8014e-03  0.0000e+00
 1.7914e-03  0.0000e+00
 1.7816e-03  0.0000e+00
 1.7717e-03  0.0000e+00
 1.7620e-03  0.0000e+00
 1.7523e-03  0.0000e+00
 1.7426e-03  0.0000e+00
 1.7330e-03  0.0000e+00
 1.7235e-03  0.0000e+00
 1.7140e-03  0.0000e+00
 1.7045e-03  0.0000e+00
 1.6951e-03  0.0000e+00
 1.6858e-03  0.0000e+00
 1.6765e-03  0.0000e+00
 1.6672e-03  0.0000e+00
 1.6581e-03  0.0000e+00
 1.6489e-03  0.0000e+00
 1.6398e-03  0.0000e+00
 1.6308e-03  0.0000e+00
 1.6218e-03  0.0000e+00
 1.6129e-03  0.0000e+00
 1.6040e-03  0.0000e+00
 1.5951e-03  0.0000e+00
 1.5864e-03  0.0000e+00
 1.5776e-03  0.0000e+00
 1.5689e-03  0.0000e+00
 1.5603e-03  0.0000e+00
 1.5517e-03  0.0000e+00
 1.5431e-03  0.0000e+00
 1.5346e-03  0.0000e+00
 1.5262e-03  0.0000e+00
 1.5177e-03  0.0000e+00
 1.5094e-03  0.0000e+00
 1.5011e-03  0.0000e+00
 1.4928e-03  0.0000e+00
 1.4846e-03  0.0000e+00
 1.4764e-03  0.0000e+00
 1.4682e-03  0.0000e+00
 1.4602e-03  0.0000e+00
 1.4521e-03  0.0000e+00
 1.4441e-03  0.0000e+00
 1.4362e-03  0.0000e+00
 1.4282e-03  0.0000e+00
 1.4204e-03  0.0000e+00
 1.4125e-03  0.0000e+00
 1.4048e-03  0.0000e+00
 1.3970e-03  0.0000e+00
 1.3893e-03  0.0000e+00
 1.3817e-03  0.0000e+00
 1.3740e-03  0.0000e+00
 1.3665e-03  0.0000e+00
 1.3589e-03  0.0000e+00
 1.3515e-03  0.0000e+00
 1.3440e-03  0.0000e+00
 1.3366e-03  0.0000e+00
 1.3292e-03  0.0000e+00
 1.3219e-03  0.0000e+00
 1.3146e-03  0.0000e+00
 1.3074e-03  0.0000e+00
 1.3002e-03  0.0000e+00
 1.2930e-03  0.0000e+00
 1.2859e-03  0.0000e+00
 1.2788e-03  0.0000e+00
 1.2717e-03  0.0000e+00
 1.2647e-03  0.0000e+00
 1.2578e-03  0.0000e+00
 1.2508e-03  0.0000e+00
 1.2439e-03  0.0000e+00
 1.2371e-03  0.0000e+00
 1.2303e-03  0.0000e+00
 1.2235e-03  0.0000e+00
 1.2167e-03  0.0000e+00
 1.2100e-03  0.0000e+00
 1.2034e-03  0.0000e+00
 1.1967e-03  0.0000e+00
 1.1901e-03  0.0000e+00
 1.1836e-03  0.0000e+00
 1.1771e-03  0.0000e+00
 1.1706e-03  0.0000e+00
 1.1641e-03  0.0000e+00
 1.1577e-03  0.0000e+00
 1.1513e-03  0.0000e+00
 1.1450e-03  0.0000e+00
 1.1387e-03  0.0000e+00
 1.1324e-03  0.0000e+00
 1.1262e-03  0.0000e+00
 1.1200e-03  0.0000e+00
 1.1138e-03  0.0000e+00
 1.1076e-03  0.0000e+00
 1.1015e-03  0.0000e+00
 1.0955e-03  0.0000e+00
 1.0894e-03  0.0000e+00
 1.0834e-03  0.0000e+00
 1.0775e-03  0.0000e+00
 1.0715e-03  0.0000e+00
 1.0656e-03  0.0000e+00
 1.0597e-03  0.0000e+00
 1.0539e-03  0.0000e+00
 1.0481e-03  0.0000e+00
 1.0423e-03  0.0000e+00
 1.0366e-03  0.0000e+00
 1.0309e-03  0.0000e+00
 1.0252e-03  0.0000e+00
 1.0195e-03  0.0000e+00
 1.0139e-03  0.0000e+00
 1.0083e-03  0.0000e+00
 1.0028e-03  0.0000e+00
